"ginc" "height" "age" "length" "mar" "sex" "german" "alevel"
2039 196 34 5.9 1 0 1 0
957 163 36 3 1 1 1 0
2088 182 37 2.6 0 0 1 0
5966 184 38 3.1 1 0 1 0
2307 170 61 23.7 0 1 1 0
2044 173 44 23.3 1 1 1 0
2353 187 47 10 1 0 1 0
1966 193 22 1 0 0 1 0
1048 158 52 3 1 1 1 0
1553 171 47 20.6 1 1 1 0
2312 190 29 9 1 0 1 0
2056 157 49 16.2 1 1 1 0
1747 167 32 1.8 0 1 1 1
602 164 54 9.8 1 1 1 0
3305 192 33 2.8 1 0 1 1
1438 151 27 2.1 1 1 0 0
973 165 32 1.2 1 1 1 0
2013 183 41 17.5 1 0 1 0
3376 180 42 1.6 1 0 1 0
3363 170 37 0.1 1 0 1 1
3567 181 41 1 1 0 1 0
4798 188 41 23 1 0 1 0
2032 180 30 1.8 0 0 1 0
1910 164 39 15.9 0 1 0 0
1035 165 27 0.9 0 1 0 0
1020 164 53 34 1 1 1 0
1817 158 30 7.6 1 1 1 0
1699 183 42 3.7 1 0 1 1
3001 180 44 1.8 1 0 1 0
1596 157 38 16.3 1 1 1 0
1957 163 36 4.8 0 1 1 0
1980 155 26 1.8 0 1 1 0
2329 178 35 14 0 0 1 1
3944 187 44 8.9 0 0 1 1
2568 166 36 14.2 1 0 0 0
1699 172 52 22.8 1 0 1 0
1818 173 36 16.7 0 1 1 0
2711 180 29 6 1 1 1 1
4545 182 36 4 1 0 1 1
7341 185 46 10.4 1 0 1 0
2826 177 47 13.9 1 0 1 0
2498 187 50 22 1 0 1 0
2021 160 41 3.6 0 1 1 1
3965 185 34 2.7 0 0 1 1
1834 166 41 7.3 1 1 0 0
1459 160 46 3.2 1 1 1 1
4606 172 34 4.4 0 0 1 1
3014 177 36 6.8 1 0 1 1
784 164 49 0.5 0 1 1 1
1365 170 27 1.2 0 0 1 0
2096 170 42 3.1 1 0 1 0
1498 165 41 3.9 0 1 1 0
3995 185 50 17.3 1 0 1 0
1847 188 45 1.2 0 0 1 0
924 165 47 6.3 1 1 1 0
1064 150 54 10.8 1 1 0 0
3281 170 30 7.4 1 0 1 1
1828 186 33 11.7 1 0 1 0
2647 180 31 2.3 1 0 1 0
1626 172 60 11.3 1 0 1 1
2399 170 23 2 0 0 1 0
2269 160 44 7.9 0 1 1 1
1619 168 39 11.7 1 0 1 0
3025 183 35 10.9 1 0 1 1
1005 162 36 10.2 1 1 0 0
4601 178 47 12 1 0 1 1
2161 160 25 1.4 0 1 1 0
3381 174 46 7.9 1 0 1 0
3681 166 52 28.4 1 1 1 1
1834 172 41 1.6 1 0 1 0
2243 180 25 1.1 0 1 0 1
1625 173 26 3.9 0 0 0 0
1417 160 50 30 1 1 1 0
3162 179 48 16.3 1 0 1 0
2337 176 40 1.5 0 1 1 0
1979 180 24 3.7 0 0 1 0
1740 187 37 10.2 1 0 1 0
3403 180 47 10.3 1 0 1 0
3993 175 40 1.4 1 0 1 1
2517 182 28 1.6 0 0 1 0
2662 169 32 11 1 1 1 0
5838 172 51 6.4 0 0 1 0
7546 179 43 5.3 1 0 1 1
3740 182 50 25 0 0 1 1
2430 174 35 15 0 0 1 0
1506 170 49 8.1 1 1 0 0
2069 175 31 2.6 0 0 1 0
1719 162 34 9.4 0 1 1 0
2390 178 46 26.6 1 1 1 0
2995 178 35 10.8 1 0 1 0
4645 178 45 2.8 1 0 1 1
778 168 37 9.1 0 1 1 0
3918 180 32 13.4 1 0 1 0
1660 172 45 2.2 1 1 0 0
1762 168 31 4.6 0 0 1 1
1545 164 46 10 1 1 1 0
2397 156 46 15.1 0 1 0 0
3335 172 42 1.8 1 1 1 0
2706 175 38 15.5 0 1 1 1
2508 178 30 2 1 0 1 0
1643 180 32 7.8 0 0 1 1
2703 172 38 15.5 0 0 1 0
7261 186 45 25.3 1 0 1 1
2551 162 46 9 1 1 1 0
4269 175 35 2 0 0 1 1
2085 172 42 2.8 1 1 1 1
2121 180 45 0.6 1 0 1 0
2748 170 32 2.7 0 1 1 1
1621 162 60 13 1 1 1 0
1119 168 51 28.3 1 1 1 0
1113 165 31 8.3 0 1 1 0
2696 172 46 10 1 0 1 0
3882 170 36 12.3 1 0 0 0
1378 160 42 7 1 1 0 1
3558 181 59 10.8 1 0 1 1
2281 164 38 20 1 1 1 0
2967 170 29 3.4 0 1 1 1
1752 188 38 1.3 1 0 1 0
1069 162 43 0.7 0 1 1 0
3912 175 36 2.4 1 1 1 1
2095 175 24 4.7 1 0 0 0
1220 180 41 9 1 0 1 0
3431 184 38 3.4 0 1 1 0
2936 193 35 9.7 0 0 1 0
2965 170 40 11.8 1 1 1 0
2047 170 35 9.7 1 0 1 0
3242 180 39 2.4 1 0 1 1
1132 165 38 2.7 1 1 1 0
988 157 45 2.3 1 1 1 0
1779 166 43 2.7 0 1 1 1
974 170 39 5.3 1 1 1 1
1380 180 47 1.8 1 0 1 0
2272 162 46 27 1 1 1 0
2448 160 50 29.6 1 1 1 1
1189 178 58 7.4 1 0 1 0
639 178 29 0.8 0 1 1 0
1530 172 30 4.6 0 0 0 0
3445 183 29 7.8 0 0 0 0
645 162 41 1.8 1 1 1 0
2079 180 31 3.8 1 0 1 1
2213 168 59 41 1 0 1 0
1419 176 24 0.2 0 0 0 0
979 172 40 10.3 1 1 1 0
2153 174 28 2 1 0 1 0
1885 173 45 24.3 1 0 1 0
858 172 37 0.8 1 1 1 0
1898 166 40 13 1 1 1 0
6060 190 33 5.7 1 0 1 0
2464 172 42 9.7 1 0 1 0
1138 180 28 0.6 0 0 1 1
1972 180 39 9.7 1 0 1 0
1832 160 32 11.8 0 1 1 0
1903 165 50 8.3 1 1 1 0
954 164 43 5.4 1 1 1 0
5339 180 54 28.8 1 0 1 1
1229 160 55 12.4 1 1 1 1
513 150 56 13.4 1 1 1 0
1547 160 27 8 1 1 1 0
4041 164 48 9.3 0 1 1 1
2639 171 42 17.8 1 0 1 0
827 166 52 2.2 1 1 1 0
1474 160 35 9 1 1 1 1
3441 179 54 36.2 1 0 1 0
3265 188 29 10 0 0 1 1
2785 176 29 1.1 1 1 1 0
1150 165 61 11.3 0 1 0 0
878 180 43 4.3 1 1 1 0
4101 198 55 13.2 1 0 1 0
874 160 29 3.8 0 1 1 0
3125 178 47 26 1 0 1 0
2177 173 34 7.5 1 0 1 0
4028 176 44 23 1 0 1 1
3704 180 43 4.3 1 0 1 1
1085 170 55 13.1 1 1 0 0
4857 185 50 15 1 0 1 1
1881 175 32 7.8 1 1 1 0
1421 160 42 1.3 1 1 1 0
1611 174 45 3.8 1 0 1 0
1891 165 37 11.4 1 1 1 1
2365 174 54 36 1 0 1 0
2564 172 60 35.9 0 0 1 0
550 168 51 14.5 0 0 1 0
6004 185 59 11.3 1 0 1 1
5079 187 40 8.7 1 0 1 1
1595 180 56 37 1 0 1 1
1770 182 30 8.3 0 0 1 0
2319 184 29 1.4 0 0 1 0
2555 181 45 4.7 1 0 1 0
2065 170 46 16.5 1 0 1 0
1919 186 40 15.8 0 0 1 0
2098 170 33 5.2 0 1 1 1
3063 162 54 12.2 1 1 1 0
2847 176 44 26.3 1 0 1 0
3087 164 41 21.4 0 1 1 0
4923 170 54 1.1 1 0 1 0
1741 170 55 3.7 1 1 1 1
1992 178 40 12.5 1 1 1 0
2484 180 30 5.8 1 0 1 1
1362 168 54 5.5 0 1 1 0
1531 168 26 3.3 1 1 0 1
1772 155 54 7.8 1 1 1 1
2493 178 41 11 0 0 1 0
3807 168 55 13.2 0 1 1 1
2965 186 33 2 0 0 1 0
988 163 47 0.2 1 1 1 0
784 172 53 0.8 0 1 1 0
5024 178 41 22 0 0 1 0
1227 180 48 11.5 1 0 1 0
2343 169 46 26.1 1 1 0 0
1184 170 33 2.9 1 1 1 0
2228 174 43 9.5 1 1 1 0
2502 183 34 5.7 0 0 1 0
2298 190 24 1.1 0 0 1 0
2517 182 42 23 1 0 0 1
2651 180 40 15.8 1 0 1 0
1338 155 55 22 1 1 0 0
2650 172 41 15.5 1 0 1 0
1294 172 58 17.5 1 0 1 0
4490 182 46 19.6 1 0 1 1
1786 164 29 1.3 0 1 1 1
1523 183 35 0.3 1 0 0 1
1327 172 31 0.7 1 1 1 0
858 163 28 4.8 1 1 1 0
2572 187 39 22.5 1 0 1 0
1843 175 49 5.8 1 0 1 0
1468 164 33 6.7 1 1 1 0
1292 161 48 9.4 1 1 1 0
4035 178 45 12.8 0 0 1 1
2631 170 33 0.6 1 0 1 0
1794 178 54 0.8 1 0 1 0
3190 175 35 1 0 1 1 1
3109 189 33 8.1 0 0 1 1
2985 172 24 4 0 1 1 0
3770 184 47 16.6 1 0 1 1
1664 178 37 2.8 1 0 1 0
2145 182 25 0 0 0 0 0
1258 172 56 23 1 1 1 0
2003 180 39 2.8 1 0 1 0
3265 178 40 20 1 0 1 0
1541 148 31 9.5 1 1 1 0
2516 188 30 10 0 0 1 0
1219 166 34 6.3 0 1 1 1
2616 176 32 0.1 0 0 1 1
2407 185 31 4.9 1 0 1 0
2355 167 47 10.3 1 0 1 1
2294 182 23 1.7 0 0 1 0
1992 181 40 21 1 0 1 0
3031 178 34 14 1 0 1 0
5035 177 46 8.1 0 0 1 1
810 157 37 1.6 1 1 1 0
1741 158 32 3.6 1 1 1 0
1860 168 42 1.8 1 1 1 1
2511 172 36 11.3 0 1 1 0
2680 164 49 6.7 1 1 1 1
607 163 55 6.8 1 1 1 1
2762 172 46 1.6 1 0 1 0
2735 172 49 1.9 1 1 1 0
2045 165 41 12.5 1 1 1 0
2276 163 29 7.5 1 1 1 1
2666 179 52 20 1 0 1 0
3654 188 46 8.3 1 0 1 1
1797 160 39 18.8 1 1 1 0
1364 183 49 12 1 0 1 0
2248 178 25 5 0 0 1 0
2372 172 36 10.8 1 0 1 0
1363 172 45 15.3 1 0 0 0
1471 170 49 10.3 1 1 1 0
6727 197 41 3.8 1 0 1 1
2793 180 38 11.8 0 0 1 0
2155 170 61 31.3 1 0 1 0
1721 165 41 1.7 0 1 1 0
1803 180 22 0.3 0 0 0 0
873 162 31 7.8 0 1 1 0
2004 178 25 4 0 0 0 0
2200 165 44 9.1 1 1 1 1
2293 156 46 1.3 1 1 1 0
2527 167 49 2.8 1 1 1 1
419 172 72 9.8 1 1 1 0
2415 178 40 0.4 0 0 1 0
2072 183 51 6.5 1 0 1 0
989 172 50 8.3 1 1 1 1
2435 168 34 11.8 1 0 0 0
398 168 50 26.3 1 1 1 0
1972 188 38 16.2 1 0 1 0
1626 175 51 7.6 0 0 0 0
1636 180 34 0.8 1 0 1 0
2713 176 35 4.6 0 1 1 1
3503 166 38 13.9 0 0 1 0
1782 182 41 9.3 1 0 1 0
4056 176 42 3.5 0 0 1 1
903 167 35 0.4 1 1 1 0
1102 155 47 3.1 1 1 1 0
1266 158 42 11.9 0 1 1 1
2221 165 55 28.8 1 0 0 0
2869 170 37 9.6 0 1 1 0
1055 164 38 2.5 1 1 1 0
474 158 53 0.8 1 1 1 0
1002 183 21 0.2 0 0 1 0
2168 177 42 2.3 1 0 1 0
2289 164 53 25.4 0 1 0 0
2112 173 24 3.5 0 1 1 1
2263 165 24 3 0 1 1 0
2806 179 31 7.3 0 0 1 0
1390 169 21 0.5 0 1 1 0
1562 167 33 7.5 1 1 1 0
2355 165 25 7.6 0 1 1 0
2476 178 41 5.8 1 0 1 0
3963 172 37 1.8 1 0 1 1
2843 166 41 4.6 0 1 0 0
2081 159 44 24.4 0 1 1 1
1529 168 49 18.4 1 1 1 1
922 161 41 0.1 0 1 1 0
4790 176 51 28 1 0 1 1
3665 172 31 10 0 0 1 0
1588 183 48 22.8 1 0 1 0
6515 179 38 9.8 1 0 1 1
5022 178 64 16.5 1 0 1 0
2867 176 45 22.5 1 0 0 0
1211 175 42 8.4 1 1 1 0
1228 180 25 0 0 1 1 1
3095 164 44 24 0 1 1 0
4764 170 49 3.1 0 1 1 1
2288 163 52 1.2 0 1 1 1
1820 170 33 4.8 1 1 1 0
1785 178 60 26.8 1 0 1 0
2487 179 36 2.3 1 0 1 1
2086 184 27 5.9 0 0 1 0
2081 192 25 0.7 0 0 1 0
5049 172 38 18.8 1 0 1 0
1549 165 37 3.3 1 1 1 0
1628 171 35 3.4 0 1 1 0
1051 160 42 22 1 1 1 0
1560 165 46 14.6 1 1 1 0
1359 178 25 2.9 0 1 1 0
3059 180 54 11 1 0 1 0
2111 189 53 31.7 1 0 1 0
3110 167 35 12.1 0 1 1 0
2902 173 41 10.3 0 0 1 1
2202 176 51 11.3 1 0 1 0
948 161 26 1 0 1 1 1
4134 186 34 8.1 0 0 1 0
1079 150 51 0.7 0 1 1 0
1797 178 25 7.5 0 0 1 0
2700 176 39 1.4 1 0 1 1
2487 175 40 8.7 1 1 1 1
2313 162 54 11.8 1 1 1 0
1326 178 31 4 1 0 0 0
3096 170 33 5.7 1 0 1 1
1409 174 33 3 0 0 1 0
799 166 48 10 1 1 1 0
2294 170 37 7.8 0 0 0 0
2459 165 56 15 1 1 1 0
1288 170 27 0.6 1 1 1 1
1848 178 49 6.3 1 0 1 0
1795 152 33 11.4 1 1 1 0
2500 168 40 16.8 0 0 1 0
1043 158 48 18 1 1 1 0
2547 185 45 14.3 1 0 1 0
2219 173 50 31.2 1 0 1 0
1339 178 43 13.6 1 0 1 0
1807 192 33 10.5 0 0 1 0
3500 178 50 4.5 1 0 1 0
1669 163 30 0.4 1 1 0 1
2020 170 25 3.3 0 1 1 0
2258 178 43 11 0 0 1 0
2429 165 39 20.4 1 0 0 0
1979 155 54 28.2 1 1 0 0
2738 180 45 1.8 1 0 0 1
1417 155 52 34 1 1 1 0
2720 181 54 30.2 1 0 1 0
1994 164 38 4.7 0 1 1 0
2107 178 51 3.3 1 0 1 0
938 160 49 3.8 1 1 1 0
5711 190 41 3.3 1 0 1 1
3353 168 42 15.9 0 1 1 1
3233 180 50 22.3 1 0 1 0
739 165 43 6 0 1 1 0
3628 187 29 6.6 1 0 1 0
3106 176 43 13.5 0 0 1 0
1884 180 40 1 1 0 1 0
4116 182 34 3.9 1 0 1 0
2690 164 42 18.5 1 1 1 0
2515 170 42 8.3 1 0 1 0
2799 155 49 31 1 1 1 1
1887 177 32 6.3 0 0 1 1
1221 172 29 6.8 1 1 1 0
2404 167 59 41 1 0 1 0
4284 180 39 14.8 0 0 1 1
3092 178 43 8.8 1 0 1 0
3527 183 39 4.4 1 0 1 0
1064 176 46 1.9 1 0 1 0
3966 175 52 3.6 0 0 1 1
1844 169 36 1.4 1 1 1 1
2815 178 32 6.9 1 0 1 0
2325 175 31 8.4 0 0 1 0
2242 186 43 1.4 0 0 1 1
2653 160 59 10.2 1 1 1 1
2195 166 30 0.7 0 1 1 0
2577 169 58 13.7 1 1 1 1
3963 180 55 32 1 0 1 0
1527 180 41 5.5 1 0 1 0
5510 185 48 0.4 1 0 1 1
2455 178 43 7.1 1 0 1 1
1989 172 24 3.5 0 1 0 0
2775 192 41 12.3 1 0 1 1
1890 170 44 26.5 1 1 1 0
2996 171 44 21.6 1 0 1 0
2539 182 47 2 1 0 1 0
2317 168 53 12.5 1 0 1 1
1060 154 57 21.6 1 1 1 0
855 168 34 7.6 0 1 1 0
1733 179 39 17 1 0 1 0
3009 170 40 1.3 1 1 1 1
3118 175 42 17.3 0 0 1 0
1137 159 27 4 0 1 1 0
1993 165 44 9.8 1 1 1 0
3007 175 44 16.8 1 0 1 1
2929 179 35 5.9 1 0 1 0
2826 176 28 6 1 0 1 0
2557 172 47 24 1 0 1 0
4377 180 50 18.3 1 0 1 1
1841 160 49 10 1 1 1 0
2218 173 41 15.2 1 0 1 0
537 184 27 4 0 0 1 1
2321 180 31 12.6 1 0 0 0
1485 151 49 11.8 1 1 1 0
1557 168 24 2.8 0 1 1 0
1026 149 22 1.2 0 1 1 0
2187 186 40 6.4 1 0 1 0
968 171 37 1.3 0 1 1 0
2337 152 45 11.1 1 1 1 0
1529 160 58 37 1 1 1 1
1863 158 40 2.5 1 1 1 0
3312 175 42 1.4 1 0 0 0
1402 176 41 3.6 0 0 1 0
1201 170 35 3.1 0 1 1 0
3263 188 51 28.5 1 0 1 1
7193 183 45 18.2 1 0 1 1
1077 183 29 8.3 1 0 1 1
2205 172 38 1.3 1 0 1 0
2031 172 48 8.9 1 0 1 1
1410 158 49 0.9 0 1 1 0
1540 167 43 21.9 1 1 1 0
2529 169 39 4.8 0 0 1 0
1793 178 33 1.7 1 0 0 0
4001 180 57 40 1 0 1 0
7721 182 65 34.6 1 0 1 1
1267 158 34 0.7 1 1 0 0
2478 182 26 5 0 0 1 0
2177 185 59 29.6 1 0 1 0
1009 178 37 18.8 0 1 1 0
2527 171 50 4.8 1 1 1 0
2154 179 29 3.1 0 0 1 0
1176 170 42 2 0 1 1 0
1595 183 27 0.1 0 0 1 1
2328 178 29 3.8 1 0 1 0
1281 157 41 4.8 1 1 1 0
2930 174 35 1.4 1 0 1 0
3373 170 49 29 1 1 1 0
1242 175 47 19.2 1 0 1 0
1047 174 36 0.6 1 1 1 0
2733 165 34 8.2 1 1 1 0
907 170 43 1.3 1 1 1 0
4582 189 35 5.3 1 0 1 1
5470 178 48 11.8 1 0 1 0
3519 183 42 0.3 1 0 1 1
1769 175 45 27.8 1 0 1 0
2547 182 41 3.3 0 0 1 0
918 168 21 1 0 1 1 0
2027 182 42 11 1 0 1 0
2528 177 43 21.2 1 0 1 0
1774 156 46 11.9 1 1 1 0
2821 170 37 13.6 1 0 1 0
6448 188 45 10.9 1 0 1 1
1553 176 23 1.8 0 0 1 0
3476 194 43 18.3 1 0 1 1
2101 180 51 25.3 1 0 1 0
2635 174 36 16 0 1 1 0
1927 166 61 8.1 1 1 1 0
2722 175 36 17.6 1 0 0 0
1260 163 40 19 1 1 1 0
6889 183 42 10.2 1 0 1 0
2122 181 32 2.3 1 0 0 1
2514 176 47 15.8 1 0 1 0
1761 168 53 15 1 1 1 0
2256 178 27 1.8 0 0 1 1
2056 180 40 7.5 1 0 1 0
2222 178 42 2.6 1 0 1 0
3282 172 40 12.3 0 1 1 1
5221 175 38 3.3 1 0 1 1
2230 171 38 0.7 0 1 1 0
2028 163 23 1 0 1 1 1
5400 184 33 14 1 0 1 1
2084 168 53 18.8 1 1 1 0
1627 168 57 19.3 1 1 1 0
3176 175 52 19.7 1 0 1 0
2250 162 33 12 0 1 1 1
2649 176 44 19 1 0 1 0
3189 182 41 20.3 1 0 1 1
1166 189 40 19.1 0 0 1 0
2487 175 53 2.2 0 1 1 0
1762 153 26 4.5 0 1 0 0
10050 178 51 8.8 1 0 1 0
3148 169 34 0.7 1 0 1 0
2212 164 43 11.8 1 1 1 1
2689 180 38 5.7 1 0 1 1
3590 180 63 32 1 0 1 0
10093 176 57 21.2 0 0 1 1
2448 186 28 1.3 1 0 1 0
2495 178 47 27.6 1 0 1 1
3520 168 45 12.1 1 0 1 1
1680 168 41 12.1 1 1 1 0
1819 175 25 2.9 0 0 1 0
2734 174 30 0.6 0 0 1 0
2404 183 50 9.8 1 0 1 0
1223 163 39 0.4 1 1 1 0
3567 178 40 5.9 0 0 1 1
971 168 28 2.8 1 1 1 0
3016 176 49 25.8 1 0 1 0
2796 171 36 1.4 0 0 1 1
705 176 64 8.5 1 0 1 0
3497 183 48 6.4 1 0 1 1
1573 176 48 3.8 1 0 1 0
3063 176 45 21.1 1 0 1 0
985 154 48 2 0 1 1 0
1732 165 50 0.7 0 1 1 1
1442 180 47 1.8 1 0 1 0
5953 182 57 31.9 1 0 1 1
1668 163 24 2.8 0 1 1 0
2743 180 34 2.4 1 0 1 0
4646 186 53 22.6 1 0 1 0
1027 158 29 0.9 1 1 0 0
3497 182 62 32.6 1 0 1 0
2856 164 45 22.3 0 1 1 1
2651 182 31 1.6 0 0 1 1
2156 185 32 6.4 1 0 1 1
2831 180 32 1.6 1 0 0 0
2490 182 55 32.5 1 0 1 0
2186 178 42 17.9 1 0 1 0
1405 168 24 5 0 1 1 0
2186 170 30 3.7 1 0 1 0
1596 170 34 9.9 1 1 1 0
2385 180 38 18 1 0 1 0
2787 173 45 20.6 1 0 1 0
1020 170 46 3.7 1 1 1 0
2583 187 26 1.8 0 0 1 0
4280 184 44 10.3 1 0 1 1
1723 172 58 2.3 1 0 0 0
1619 165 47 1.1 0 1 1 0
2198 172 40 18.4 1 1 1 1
2422 176 39 23.5 0 0 1 0
1659 160 51 8.8 1 1 1 0
2304 174 54 11.3 1 1 1 0
2627 187 39 5.5 0 0 1 0
1926 165 40 9.5 1 1 1 1
1744 160 42 6.8 1 0 1 0
1991 165 47 3.2 0 1 1 0
2637 178 40 21.3 1 0 1 0
2403 174 50 15.8 0 1 1 0
2719 183 30 9 0 0 1 0
2038 165 23 2 0 1 1 0
3048 174 26 0.1 0 1 1 1
2008 170 60 30.1 1 1 1 0
1922 168 42 8.6 0 0 1 0
2730 188 26 6 0 0 1 1
2028 170 61 5.3 1 0 1 0
1422 167 37 10.3 0 1 1 1
6127 176 48 0.8 1 0 1 1
1818 169 47 28.9 1 1 1 0
1293 150 56 10.5 1 1 1 1
2051 185 32 10.8 1 0 1 0
3392 178 36 2.1 0 0 0 0
2936 178 23 2 0 0 1 0
764 178 31 2.8 0 0 1 1
2102 175 32 1.3 1 0 1 0
1946 178 47 25.8 1 0 1 0
4970 192 49 17.3 0 0 1 0
1582 178 44 1.3 1 0 1 0
1995 166 42 18.1 1 0 1 0
2237 172 41 9.9 1 1 1 1
3180 170 41 23 1 0 1 0
1544 178 42 3.9 0 0 1 0
2758 180 30 3.6 1 1 1 1
4986 178 62 27 1 0 1 0
2420 180 45 7.8 1 0 1 0
1065 172 38 16 1 1 1 0
940 162 55 10.6 0 1 1 0
4071 190 63 28.6 1 0 1 0
1251 168 25 1.4 0 1 1 1
1971 163 48 16.8 1 1 1 1
2630 183 35 18.5 1 0 1 0
2313 175 21 1.5 0 0 1 0
1575 196 21 2 0 0 1 0
2837 168 45 8.3 1 1 1 1
3962 180 36 16.3 1 0 1 1
1268 160 22 2.9 0 1 1 0
2460 184 27 3 0 0 1 1
1661 169 38 6.8 1 1 1 0
632 180 34 14 1 1 1 0
1848 175 34 2 1 0 1 0
2008 160 28 6 1 1 1 1
2387 183 53 5.9 0 0 1 0
1830 168 51 29.8 1 1 1 0
2439 193 34 10.4 1 0 1 1
1375 158 50 31 0 1 1 0
2784 168 61 32.9 1 1 1 1
3755 185 34 1.1 1 0 1 1
1699 189 36 1.1 0 0 1 1
2619 180 53 25.6 0 0 1 0
2382 185 38 5.4 1 0 1 0
3893 178 61 9.8 1 0 1 1
3467 158 59 10.7 0 1 1 1
2738 179 39 4.5 1 0 1 0
1057 181 49 27 1 0 1 0
1930 188 29 2.4 0 0 1 0
2069 173 36 16.5 1 1 1 0
1256 165 29 1.7 0 0 1 0
2792 156 42 12.3 0 1 1 0
2190 173 30 2.7 0 0 1 0
2110 183 28 3.4 1 0 1 0
3560 172 52 8.8 1 0 1 1
1077 168 50 3 1 1 1 0
2777 175 50 32 1 0 1 0
1400 168 48 2.8 1 1 1 0
2398 175 45 10.8 1 0 1 0
2654 185 33 14 0 0 1 0
1909 178 29 9 0 1 1 0
4004 176 52 15.8 0 1 1 1
1255 168 45 0.6 1 1 1 0
1303 167 33 0.3 0 1 1 0
2510 183 38 13.4 0 0 1 0
2782 176 37 7.7 1 0 0 0
1950 178 37 5.4 0 0 1 0
1466 165 26 2 0 1 1 0
4646 191 35 5.7 1 0 1 1
1761 175 33 9.4 1 0 1 0
3147 178 43 23.5 1 0 0 0
1418 162 58 2.4 0 1 1 0
1691 164 50 5.3 1 1 0 0
2105 180 53 11.2 1 0 1 0
3344 168 45 1 1 0 1 0
1966 172 48 0.9 1 0 1 0
2883 184 46 28 0 0 1 0
1365 162 59 4.8 1 1 1 0
3625 185 55 23.7 1 0 1 0
1670 165 29 6.6 0 1 1 0
549 168 43 3.6 1 1 1 1
1866 176 46 0.3 0 0 1 0
2066 182 38 0.8 1 0 1 0
3673 190 34 3.4 1 0 1 0
1684 164 48 25.2 1 1 1 0
2532 170 50 28.6 1 0 1 0
1971 167 42 10 1 1 1 0
2039 169 34 4.4 1 1 1 1
2826 177 29 2.7 1 0 1 0
4555 190 53 19.3 1 0 1 1
1601 165 43 12.1 1 1 1 1
2943 169 33 4.8 0 1 1 1
1966 183 34 9.8 1 0 1 0
2082 180 52 18.2 0 0 1 0
1637 168 31 1.7 0 0 1 0
1556 178 24 3.3 0 0 1 0
1397 160 39 14 1 1 1 0
1962 170 30 2 1 0 0 0
1313 158 51 12.3 1 1 1 1
872 169 36 2.7 1 1 1 1
1221 158 39 1.3 1 1 1 0
1448 180 49 10.3 0 0 1 0
1833 172 48 10.4 1 0 1 0
675 185 45 0.1 0 0 0 0
3479 170 48 11.8 1 0 1 0
1578 169 51 1.3 1 1 1 0
9056 187 40 17 1 0 1 1
1519 165 60 14.8 0 1 1 0
1500 180 51 12.6 1 0 1 0
3063 168 41 8.3 0 1 1 1
2454 180 39 5.4 0 0 1 0
3211 179 36 10.2 0 0 1 1
994 162 46 7.6 1 1 1 1
665 168 32 0.8 1 1 1 0
2234 190 31 11 1 0 1 0
3006 184 36 17.5 1 0 1 0
2248 160 22 1.8 0 0 0 0
3183 182 57 38.3 1 0 1 0
1070 167 49 2.6 0 1 1 0
1426 170 48 15.6 1 1 1 0
2183 180 35 4.3 1 0 1 1
1519 170 41 2.1 0 1 1 0
2811 177 59 11.6 1 0 1 1
2617 182 48 17.3 1 0 1 1
3794 152 52 33.5 1 1 1 0
1794 189 42 7.6 1 0 1 0
2712 171 48 20.8 1 0 1 0
624 164 54 1.1 0 1 1 0
2916 175 60 1.2 1 0 0 0
1598 176 49 9.3 1 0 1 0
1737 165 25 2 0 1 1 1
1734 167 49 3.4 1 1 1 1
3594 182 53 25.1 1 0 1 1
2471 171 42 9.8 1 0 1 0
2450 195 29 3.5 0 0 1 0
1808 184 38 15.8 1 0 1 0
1830 183 39 19.1 1 0 1 0
1210 167 43 12.1 1 1 1 0
1045 172 42 2.1 1 0 0 0
3668 180 58 32.9 1 0 1 0
5257 182 40 7.8 1 0 1 1
2797 177 50 16.5 0 0 1 0
788 172 37 12.7 0 0 1 0
4237 167 45 0.9 0 1 1 1
1755 170 44 19.3 0 1 1 1
2557 173 41 7.5 1 0 1 0
2401 172 49 5.2 1 1 1 0
3773 176 46 9.3 1 0 1 1
801 154 42 1.4 1 1 1 0
2168 154 51 20.8 0 1 0 0
3196 186 42 10.5 1 0 1 1
1279 165 22 2 0 1 1 0
1596 177 38 16.6 0 1 1 0
2114 183 37 12.3 1 0 1 0
2072 158 51 13.3 1 1 0 0
3053 180 37 12.3 1 0 1 0
2758 178 51 29.4 1 0 1 0
1664 169 57 25.1 1 0 0 0
1988 170 53 35 1 0 1 1
2444 168 42 2 0 1 1 0
2662 183 22 1 0 0 1 0
2111 168 42 3.2 0 0 1 0
3958 175 49 15.8 1 0 1 0
2849 166 51 22.1 1 1 1 0
1792 155 34 16.3 1 1 1 0
1489 170 43 1.7 0 1 1 0
2198 175 49 0.7 1 0 1 1
2981 180 47 28 1 0 1 0
1754 165 58 9.2 1 1 1 1
2137 161 33 11.8 1 1 1 1
1803 178 31 2.9 0 1 1 0
2569 178 27 1.9 0 1 1 1
1867 168 27 5.7 1 1 1 0
1868 156 46 2.3 0 1 1 0
827 165 21 0 0 0 1 0
2377 166 29 9 1 0 1 1
1807 189 38 1.1 0 0 1 1
2825 181 35 3.9 1 0 1 0
4472 169 31 1.5 0 1 1 1
2239 172 60 17.5 1 0 1 0
2040 178 28 9 1 0 0 0
1616 178 37 9.2 0 0 1 0
4973 193 52 12.3 1 0 1 0
2339 170 22 1 0 1 1 1
4876 170 38 15.8 1 0 1 0
2728 179 43 11.6 0 0 1 0
2523 160 50 32.8 1 1 1 0
1980 185 35 2.6 1 0 1 0
1614 180 41 4 0 0 1 0
5532 180 49 20.8 1 0 1 1
2089 176 29 0.4 0 0 1 1
2187 176 57 2 1 0 1 0
3815 170 42 8.8 0 1 1 1
2083 170 47 10.6 1 1 1 0
1613 152 41 20 1 1 1 0
2068 183 40 5.4 1 0 1 1
1384 180 59 7 1 0 1 0
2402 150 56 36.2 1 1 1 1
3275 180 32 9.7 1 0 1 1
3811 185 45 13 0 0 1 1
3941 173 40 0.6 0 1 1 1
1001 162 45 22 1 1 1 0
1251 180 30 3.6 0 0 1 0
1671 160 51 12.3 1 1 1 0
2699 180 36 2.6 1 0 1 1
2635 161 40 10.3 0 1 1 1
2398 185 36 10.7 0 0 1 0
2207 173 30 5.2 0 1 1 1
1805 188 23 3.3 1 0 1 0
1022 165 35 11.4 0 1 1 0
3093 180 35 2.1 0 0 1 1
2129 186 44 7.3 0 0 1 0
1775 180 38 20 1 0 1 0
3659 175 35 3.3 0 0 1 1
1749 188 35 7.2 1 0 1 0
2154 165 57 28.8 1 1 1 0
3727 183 37 8.2 0 0 1 1
2885 161 48 18 1 1 1 0
2201 168 45 9.9 1 1 1 0
3858 185 39 16.2 1 0 1 1
4193 179 33 3.5 0 1 1 1
1111 165 56 17.6 1 1 1 0
2152 176 34 10.6 1 0 1 1
1201 177 44 11.2 1 1 1 1
2140 180 50 21.7 1 0 1 0
1752 168 24 0.9 1 1 1 1
2028 168 54 21.3 1 0 1 0
3535 176 46 0.3 1 0 0 1
1584 165 50 5 1 1 0 0
1120 164 28 1.8 0 1 1 1
2968 176 42 23.2 1 0 1 0
3242 177 41 23 1 0 1 0
2508 183 31 3.8 0 1 1 1
2530 170 41 3.3 1 0 0 1
1889 175 49 2.4 0 1 1 0
3228 180 37 15.8 1 0 1 0
1793 173 35 0.8 0 1 1 1
4101 180 43 26 0 0 1 0
3142 174 37 0.1 0 1 1 0
3286 176 60 20.4 1 0 0 1
3921 180 32 2.1 0 0 1 0
1681 182 33 6.3 1 0 1 0
2242 180 62 5.5 0 0 1 1
2488 162 44 25 1 1 1 1
1592 153 59 29.8 1 1 1 0
1290 168 60 1.1 1 1 1 0
1964 178 44 27.8 1 1 1 0
914 162 34 4 1 1 1 0
1089 159 33 4.1 1 1 1 0
2299 193 38 16.1 0 0 1 0
3270 176 31 12 1 0 1 0
1548 172 26 2 0 1 1 1
2376 183 50 5.6 1 0 1 0
1167 175 24 0.1 0 1 1 0
3924 176 32 3.6 0 0 0 1
2874 150 46 5.9 0 1 1 0
1194 174 42 3.6 1 1 1 1
2476 167 27 6 1 0 1 0
1237 162 21 1.6 0 1 1 0
2786 172 27 3.5 1 0 1 0
3117 182 28 9.8 1 0 1 0
1009 168 41 1.3 1 1 1 0
2125 165 55 15.8 1 1 1 0
3234 180 41 21 1 0 1 0
1432 158 21 2 0 1 0 0
1306 168 39 8.6 1 1 1 1
2544 184 47 10.9 1 0 1 0
547 172 44 1.5 1 1 1 0
1607 186 31 9.4 0 0 1 0
2208 193 28 9 0 0 1 0
5337 185 59 27.7 1 0 1 0
2430 172 42 1.3 0 1 1 0
2318 160 42 11.5 1 1 1 0
1852 173 33 4.5 1 0 1 0
2450 162 47 2.6 1 1 1 1
1660 160 40 0 0 1 1 0
2038 169 30 3.8 1 1 1 0
1430 164 35 3.8 0 1 1 1
1102 172 23 0.2 0 1 1 0
1761 182 50 0.2 1 0 1 0
2842 189 37 14 1 0 1 0
3230 176 33 8.3 1 0 1 1
4658 173 36 1.1 1 0 1 1
2030 170 44 9.2 0 1 1 1
3067 173 42 10.2 1 1 1 0
5953 170 49 19.5 1 0 1 1
924 167 43 14.4 1 1 1 0
1208 196 25 1 0 0 1 0
2926 167 48 30 1 1 1 0
1618 152 45 8.4 1 1 1 0
3006 178 55 18.3 0 0 1 0
424 174 22 1 0 1 1 1
1044 157 48 7.5 1 1 1 0
784 160 34 5.3 1 1 1 0
3516 178 52 31 1 0 1 0
4359 176 61 31.9 1 0 1 0
3342 180 35 10.4 0 0 1 1
3327 185 37 6.6 0 0 1 1
1250 160 42 1.4 0 1 1 0
1253 174 34 0.8 1 1 1 1
1991 163 24 6.1 0 1 1 0
2623 174 48 2.3 0 0 1 0
1143 170 48 0.9 1 1 1 0
3334 178 33 3.1 1 0 1 1
3026 167 70 9.7 1 0 1 0
1273 168 49 8.3 1 1 1 0
2627 179 34 3.8 0 0 1 1
2088 175 36 9.1 0 1 1 1
2323 170 51 10.3 0 1 1 1
2931 186 45 1.3 0 0 1 0
2441 188 52 2.9 1 0 1 0
2833 156 46 10.9 1 1 1 1
4224 173 36 4.8 1 0 1 1
1615 158 32 2 0 1 0 0
1681 170 53 12.3 1 0 0 0
1769 172 43 10.7 1 1 1 0
3776 175 37 6.7 1 0 1 1
3571 181 34 16 0 1 1 0
2172 160 38 12.3 1 1 1 1
1091 163 55 6.8 0 1 1 0
3567 180 52 26.1 1 0 0 0
1717 163 26 1.2 1 1 1 0
2607 166 33 4.4 0 1 1 1
1696 187 31 2.8 0 0 1 0
1338 160 42 1 1 1 1 0
2764 160 61 9.5 0 1 1 1
1249 159 43 4.1 1 1 1 0
2608 168 37 18 0 1 0 0
4527 180 39 17.3 1 0 1 0
1211 174 21 0.4 0 1 1 0
1708 161 53 11.3 1 1 1 0
893 165 41 8.7 1 1 1 0
1818 159 23 3.8 0 1 1 1
1863 181 59 33.8 0 0 1 0
2468 165 44 6.1 1 1 1 1
1358 173 22 1 1 1 0 0
1447 169 50 11.9 1 1 1 1
1575 170 25 0.2 0 1 1 0
1141 171 60 29.8 0 1 1 0
2478 173 37 15.3 1 0 0 0
1907 172 30 2.3 0 0 1 0
3878 183 47 15.6 1 0 1 0
1019 172 52 5.7 1 0 1 0
1313 178 54 9.8 1 0 1 0
1836 170 34 6.4 0 1 1 1
3212 174 33 4.7 1 0 1 1
2077 168 42 12.3 1 0 1 0
3145 178 38 12.3 0 0 1 1
1597 168 56 11.7 1 0 1 0
3346 165 32 4.1 0 1 1 1
2524 169 57 6.6 1 0 1 0
2041 170 36 5.3 0 1 1 0
3393 180 36 15 0 0 1 1
3019 172 48 7.4 1 1 1 1
1607 178 40 1.8 1 0 0 1
1952 173 61 45 0 0 1 0
1620 172 44 3.6 0 0 1 1
1524 160 47 6.9 1 1 1 0
5081 183 40 1.5 1 0 1 1
6107 175 59 26 1 0 1 0
3641 180 38 9 1 0 1 1
1311 160 43 2.4 1 1 1 0
2640 180 40 5.1 1 0 1 1
1338 160 22 1.6 0 1 1 0
1183 178 25 1 0 0 1 0
1318 167 22 0.2 0 1 1 0
2015 184 29 3.3 1 0 0 0
1858 182 41 0.6 1 0 1 0
5617 170 51 15.4 1 0 0 1
1046 163 21 0.5 0 1 1 0
2273 196 54 36 1 0 1 1
1436 165 55 9.4 1 1 1 1
2196 180 39 4.1 1 0 1 0
2701 170 40 4.3 0 1 1 0
5862 174 45 3.7 1 0 1 1
2945 185 56 10.4 1 0 1 0
3483 190 33 11.7 1 0 0 0
672 173 29 8.3 1 1 1 1
5923 182 64 6.9 0 0 1 1
2699 180 47 9.8 0 0 1 0
2583 184 44 24 1 0 1 0
3836 174 41 23 1 0 1 0
842 180 28 1.4 0 1 1 0
2506 184 52 25.8 1 0 1 0
2087 190 25 3.7 0 0 1 0
2703 162 40 15.9 1 1 1 1
1893 175 47 23.6 0 0 1 0
2833 164 47 0.7 1 1 1 1
1813 190 25 1.9 0 0 1 0
631 160 37 1.9 1 1 1 1
2071 183 48 25.7 1 0 1 0
2618 178 28 1.8 0 0 1 1
1965 168 54 18.8 0 1 0 0
3999 182 40 18.3 1 0 1 0
1996 180 30 6.8 0 0 1 0
3810 185 39 11.8 0 0 1 0
3757 172 53 25.8 1 0 1 0
4888 177 43 10.3 1 0 1 1
2913 180 45 4.8 1 0 1 0
1928 172 43 5.6 0 0 1 0
2422 175 46 20.2 0 0 1 0
490 168 40 0.4 1 1 1 0
690 182 35 1.9 1 0 1 0
3530 180 36 1.4 0 0 1 0
1823 182 41 24.4 0 0 1 0
2041 170 39 0.2 0 1 1 1
2471 172 52 33 1 0 1 0
2202 176 32 0.6 0 1 1 0
1999 172 46 27 1 0 1 0
760 151 59 12.8 1 1 0 0
1316 171 45 0.8 1 0 1 1
2470 186 51 15.2 1 0 1 0
3075 186 39 10.2 1 0 1 1
2649 180 50 23.1 1 0 1 0
3382 175 45 27 1 0 1 0
2119 178 44 3.1 1 0 1 0
1746 170 37 0.8 0 1 1 1
1725 170 43 1 1 0 1 0
2257 159 27 4.4 0 1 1 1
2046 163 30 11 0 1 1 0
4970 189 45 20.5 0 0 1 1
2386 165 34 12.8 1 1 1 0
4346 168 60 22.5 1 0 1 1
2051 183 28 8.4 0 0 1 0
590 157 44 16.1 1 1 1 0
4188 196 31 7 0 0 1 1
3347 160 59 11.1 1 1 1 1
1621 168 38 16.3 1 1 1 0
2177 163 47 5.2 1 1 1 0
2289 184 35 1.3 1 0 1 0
1973 183 33 0.4 0 0 1 0
3501 170 39 6.1 1 0 1 1
2535 167 33 9.8 1 0 0 0
1961 168 32 3.7 1 1 1 0
3084 171 36 11 1 0 1 0
1448 165 36 15 1 1 1 1
1641 172 61 43.3 0 0 1 0
1462 172 54 6.3 1 1 0 1
2051 171 32 3.2 0 0 1 0
5056 185 36 6.5 1 0 1 1
3579 177 46 17.8 1 0 1 0
4209 178 56 21.3 1 0 1 0
1106 178 55 32.6 0 0 1 0
1431 178 50 2.2 1 0 1 1
3066 179 62 25.9 1 0 1 0
2589 184 24 3.8 0 0 0 0
2097 166 50 23.5 1 1 1 1
2137 195 21 1 0 0 1 0
5028 177 50 33 1 0 1 0
881 171 40 2.3 0 1 1 1
795 168 58 2.3 1 1 1 0
2041 174 28 2.3 0 1 1 0
6242 181 53 7.2 1 0 1 1
2551 189 60 36.3 0 0 1 0
2468 189 29 0.2 0 0 1 0
2578 181 24 1 0 0 1 1
3893 171 40 11.2 1 0 1 0
4026 186 33 11.5 1 0 1 0
4869 185 39 4.4 1 0 1 1
3037 180 34 6.7 1 0 0 0
2324 172 35 11 0 0 1 0
2811 154 45 21.4 0 1 1 0
1584 169 31 13.5 1 1 1 0
3020 182 42 15.8 1 0 1 0
2756 181 41 5.3 1 0 1 0
1725 158 42 1.6 0 1 1 1
1594 162 29 9.4 0 1 1 0
2373 173 37 2.9 1 0 1 0
3060 175 33 0.3 1 0 1 0
1328 162 48 2.8 1 1 1 0
2608 180 40 2.9 1 0 1 0
1582 163 32 10 1 1 1 1
2688 185 51 4.3 1 0 0 1
2560 166 50 9 1 1 1 1
2686 161 31 11 0 1 1 0
3238 182 59 10.4 1 0 1 1
2185 184 30 0 0 0 1 1
2252 165 58 30.6 1 1 1 0
1586 158 48 8.3 1 1 1 0
1974 174 38 1.1 0 0 1 0
550 156 60 8.8 1 1 1 0
2648 179 46 23.7 0 0 1 0
5320 176 54 27.4 1 0 1 0
2547 170 53 10.9 1 1 1 1
690 163 60 10.8 1 1 0 0
3434 168 49 10.2 1 1 1 1
3702 183 37 3.6 1 0 1 0
1221 170 35 0.8 1 0 1 0
3270 190 39 19.5 1 0 1 0
5595 192 28 2.6 1 0 1 0
2013 160 29 2.2 1 1 1 0
1985 185 26 3.3 0 0 1 0
3669 168 32 1.8 0 0 1 0
2150 180 38 2.4 0 0 1 0
4181 165 35 17.3 0 1 1 0
2681 175 41 10.5 1 0 1 0
12492 178 35 11.5 1 0 1 1
1060 168 39 19 1 1 1 0
1894 180 41 4 1 0 1 0
2188 171 27 0.2 0 1 1 1
804 158 31 0.3 1 1 1 0
1812 172 33 0.5 1 0 1 1
2234 181 50 20.2 1 0 1 0
2730 168 60 10.6 0 1 1 1
2279 187 36 8.8 0 0 1 0
3800 176 38 4.6 1 0 1 1
1639 170 35 19.4 0 0 1 0
1265 172 27 1.7 1 0 0 1
1868 176 33 2.6 1 0 1 0
3094 185 33 9.7 1 0 1 0
3695 186 37 7.2 0 0 0 1
2282 194 33 2 0 0 1 0
2116 178 53 3.7 1 0 1 0
866 161 41 2.6 1 1 1 0
2542 168 61 34.8 0 1 1 0
1306 170 53 31.8 1 1 1 1
4857 191 35 13 0 0 1 1
1013 160 52 1.6 1 1 1 1
3196 168 47 15.2 1 0 1 0
483 158 60 13.2 1 1 1 0
1197 155 35 2.8 0 1 1 0
2758 167 44 2.4 0 1 1 0
473 182 24 2 0 0 1 1
1478 178 52 0.8 1 0 1 0
2329 163 48 16.4 1 0 0 0
1605 168 24 3.5 0 1 1 0
6967 185 35 0 1 0 1 1
2795 179 43 7.6 1 0 1 0
1993 158 62 8.8 1 1 1 0
2225 175 41 7.4 0 0 1 0
717 158 44 7.8 1 1 1 0
1744 177 25 0.3 0 0 1 1
2045 178 34 8 0 1 1 1
2309 158 37 8.9 1 1 1 0
1450 175 46 0.5 1 1 1 0
1938 184 44 6.6 1 0 1 0
994 163 46 0.8 1 1 0 0
2111 171 39 11.9 1 1 1 0
1512 180 31 10.9 1 0 1 0
2548 180 29 10.5 1 0 0 0
1300 179 61 11.6 0 0 1 0
5807 175 46 17.8 0 1 1 1
1636 172 46 1.5 1 1 1 0
1857 182 27 6 1 0 1 0
2765 193 33 6.4 1 0 1 1
1150 160 55 1.9 1 1 0 0
1513 169 52 17.9 1 1 1 0
3056 160 61 10.7 0 1 1 0
7591 180 32 3 1 0 0 1
2466 168 30 2.1 0 1 1 1
1476 162 53 14 1 1 1 0
987 165 30 0.3 1 1 1 0
2938 178 37 7.4 1 0 1 0
1853 175 26 7.5 0 0 1 0
1204 165 46 4.2 1 1 1 1
4385 175 32 0.4 0 0 1 1
2308 180 36 4.1 1 1 1 1
3212 175 47 25.8 0 0 1 0
1029 175 34 0.8 0 0 1 0
1086 175 33 1 1 1 1 0
1553 170 50 1.2 1 0 1 0
975 155 46 3.7 1 1 1 0
2948 170 38 17.4 0 0 0 0
1591 159 23 2.6 0 1 1 1
1513 167 60 1.8 1 0 1 0
2342 172 30 1.7 1 1 1 1
2203 162 45 23 1 0 0 0
4889 167 56 12.2 1 0 0 1
1436 187 33 0.3 0 0 1 1
1766 158 25 0.8 0 1 1 1
2075 178 52 2.9 1 0 1 0
2270 165 34 8.1 0 1 1 0
2285 170 53 26 1 0 1 0
1807 183 45 5.3 0 0 1 0
1994 185 46 10.7 1 0 1 0
3088 180 38 16.4 1 0 1 0
1545 168 52 2.9 0 1 1 0
865 172 37 0.8 1 1 1 0
2137 175 22 0.8 0 0 0 0
1468 170 28 0.9 0 1 1 0
1873 190 32 14 0 0 1 0
3724 177 40 6.5 1 1 1 1
2334 178 38 11 0 0 1 0
2468 187 44 23.6 1 0 1 0
2960 182 42 25.5 1 0 1 0
2986 168 39 14.9 0 1 1 1
1046 162 32 10.8 1 1 1 0
1482 165 55 11.8 1 1 1 0
728 163 23 0.5 0 1 1 0
3072 180 35 15.2 0 0 1 0
4011 170 47 11.3 1 0 1 1
2050 167 38 7.3 1 0 1 0
2423 170 45 11.3 1 1 1 1
4673 152 29 3.4 0 1 1 1
1661 165 49 9.1 0 1 1 0
1727 197 42 4.5 0 0 1 0
2808 164 38 20.3 1 1 1 0
1078 168 36 0.2 1 1 1 0
1846 158 44 3.4 1 1 1 0
3070 172 48 11.7 1 0 1 0
1267 170 36 10.8 1 1 1 1
1748 175 33 2.4 1 0 1 0
1531 169 43 24 1 0 1 1
1471 167 40 3.5 1 1 1 0
512 162 40 1.6 1 1 1 0
512 168 44 1.3 1 1 1 0
2320 165 46 26 1 1 1 0
1835 176 46 9.2 1 0 1 1
4073 175 50 29.9 1 1 1 0
986 154 61 8.8 1 1 1 0
3635 168 57 10.6 1 1 1 1
2490 160 34 3.8 0 1 1 1
2804 186 34 4.2 0 0 1 1
3474 188 61 26.3 0 0 1 0
2019 164 43 9.7 0 1 1 1
3041 172 41 9.6 1 0 0 0
2610 164 58 29.9 1 1 1 0
1374 160 21 2.3 1 1 0 0
3244 177 38 18 1 0 1 0
2490 165 37 11.3 1 1 1 1
2400 166 62 23.3 1 0 1 0
978 163 34 0.6 1 1 1 0
6819 187 41 13.6 1 0 1 1
1116 180 41 8.5 1 0 1 0
2467 168 51 5 1 1 1 0
1061 170 38 11.8 1 1 1 0
2033 158 44 23.5 1 1 1 1
1190 170 53 7.3 1 0 1 0
1507 175 42 16.9 1 0 0 0
1722 182 41 13.3 1 0 1 0
751 158 41 15.1 0 1 1 0
3253 178 51 19.6 1 0 1 0
812 158 26 3.7 0 1 1 0
1343 168 47 10.7 1 1 1 0
3245 172 40 19.5 1 0 1 1
1977 190 24 2 0 0 1 0
2288 176 50 21.3 0 0 1 0
2065 186 45 1.3 1 0 1 0
1216 166 26 0.6 0 1 1 0
2351 194 41 23 0 0 1 0
3009 182 38 10 0 0 1 1
5716 175 42 20.3 1 0 1 0
1894 165 38 2.6 0 1 1 0
1028 169 54 18.2 1 1 1 0
1476 175 46 3.3 1 0 1 0
2499 192 30 5.3 0 0 1 0
4764 173 54 33 0 0 1 1
959 186 27 2.4 0 0 1 1
3289 178 47 29 1 0 1 0
2221 164 24 7.6 0 1 1 0
2127 168 58 4 0 1 1 1
2587 176 27 1.8 0 1 1 0
3037 182 55 24.7 1 0 1 0
2488 165 48 4.9 0 1 1 0
4639 183 51 27.7 1 0 1 1
1297 160 46 1.3 1 1 1 0
1832 176 49 7.7 1 0 1 0
2436 158 55 31.2 1 1 1 0
1737 172 52 22.7 1 0 1 0
5980 184 38 8.4 1 0 1 1
871 168 23 1.3 1 1 1 0
2665 165 56 29.4 1 0 1 0
1789 182 58 23.5 0 0 1 0
2387 164 57 21 1 1 1 0
977 167 35 4.8 1 1 1 0
1658 195 32 1.3 0 0 1 1
1154 178 50 11 1 0 1 0
2352 168 51 12 0 0 1 0
2514 179 60 22 0 0 1 0
3314 167 55 26.1 1 1 1 1
1316 168 39 6.5 1 1 1 0
5645 182 35 1.2 0 0 1 1
2176 156 42 12.1 1 1 1 0
981 172 30 0.8 1 1 0 0
1158 160 41 7.8 1 1 1 0
2088 164 61 23.8 1 0 0 0
3095 158 49 28.9 1 1 1 1
1499 170 43 5.4 1 0 1 0
1819 165 27 1.5 0 1 1 1
1925 171 42 11.8 1 1 1 0
1179 169 50 2.3 1 1 1 0
1401 162 41 5.4 1 1 1 0
2608 170 46 12.3 1 0 1 0
5777 187 50 11.8 1 0 1 0
1430 183 26 0.7 0 1 1 0
1269 175 21 0 0 1 1 0
10075 180 52 4.9 1 0 1 1
2597 165 51 29.8 1 0 1 0
3740 182 44 0.5 1 0 1 0
2174 180 32 9 1 0 1 0
2583 174 50 4.9 1 0 1 1
1610 170 26 9.4 0 1 1 0
1247 172 32 0.3 0 0 1 0
1995 183 64 42 1 0 1 1
2484 184 21 2 0 0 1 0
2004 178 32 2.2 1 0 1 0
1137 160 52 11.8 0 1 1 0
2545 152 32 10 1 1 1 0
1388 176 39 0.3 1 0 1 0
1208 153 51 29.7 1 1 1 0
4152 188 32 3.7 1 0 1 1
1894 162 44 13.8 0 0 1 0
1950 166 54 4.9 1 1 1 1
1946 156 44 3.2 0 1 1 0
2481 172 55 34 1 0 1 0
2793 168 31 7.3 1 0 1 0
2274 182 39 4.8 1 0 1 0
3092 171 29 2.5 0 1 1 0
2089 176 43 10.2 1 0 1 0
1226 178 73 7.4 1 0 1 1
8043 178 36 3.5 1 0 1 1
4276 176 29 1.1 1 0 1 1
1890 167 41 21.4 1 1 1 0
2548 178 45 6.9 1 0 0 0
3297 156 54 13.2 1 1 1 1
3394 178 54 26.8 1 0 1 0
1594 171 22 0 0 1 1 0
1506 170 39 0.3 0 0 1 0
1435 168 56 11.1 1 1 1 0
1472 172 53 10.8 0 1 1 0
2541 175 44 5.4 1 0 1 0
2773 174 35 11.9 1 0 1 0
1825 162 55 31.8 1 0 1 0
4629 175 38 2.1 1 0 1 0
4728 179 41 13.6 1 0 1 1
1948 178 24 0.8 0 0 1 0
2713 163 53 11.8 0 1 1 0
1194 173 43 1.6 1 1 1 1
556 168 34 1.2 1 1 1 0
2170 194 25 2 0 0 1 0
1556 166 39 1.2 0 1 1 1
3549 178 52 14.1 1 0 1 0
1131 160 41 1 0 1 1 0
4056 165 58 3.8 0 1 1 1
1865 160 44 3.6 1 1 1 0
4632 178 36 6.5 1 0 1 1
1833 170 46 0.8 1 0 0 0
1716 178 46 3.8 1 0 1 1
4770 172 53 29.4 1 0 1 1
2721 178 38 10.3 0 1 1 1
2623 179 40 0.8 0 0 1 0
2748 170 60 25.5 1 1 1 0
1738 174 49 0.3 0 0 1 0
1646 173 49 1.7 1 0 1 1
3759 175 43 12.2 1 0 1 0
3470 183 36 11.5 1 0 1 0
3104 182 45 23.8 1 0 1 0
1780 158 21 0.3 0 1 1 0
2588 176 34 14.4 1 0 1 0
1440 166 24 1.6 0 1 1 0
2713 183 36 12.2 0 0 1 0
1208 168 51 7.5 1 1 1 0
995 182 24 4 0 0 1 0
2444 168 34 1.6 0 1 1 1
1924 162 46 15.4 1 1 1 1
3318 175 28 2.9 0 1 1 1
664 171 42 0.3 1 1 1 0
2434 175 41 1.1 1 0 1 0
3063 175 53 23.4 0 0 1 0
3239 180 32 1.8 1 0 1 0
2395 176 59 8.4 1 0 1 0
4976 185 46 11.4 1 0 1 1
3180 172 52 11 1 0 1 1
5771 188 39 14.7 1 0 1 0
1609 159 61 0.8 1 1 1 0
2745 170 34 9.8 0 1 1 0
1274 179 49 0.8 1 0 1 0
5122 189 38 9.6 1 0 1 0
3169 191 31 11.6 0 0 1 0
3986 175 51 2.1 1 0 1 1
3470 175 43 27.3 1 0 1 0
1311 166 23 4 0 1 1 0
1067 159 40 3 1 1 1 0
915 168 34 1.8 1 1 1 0
746 168 28 4.2 1 1 1 0
4537 164 36 2 0 0 1 0
1795 175 25 4.5 0 1 1 1
1408 178 24 2.2 0 0 1 0
678 179 41 7.6 1 1 1 1
1878 176 42 12.4 1 0 1 0
2740 186 37 6.8 1 0 1 0
1534 160 43 25 0 1 1 0
2957 165 50 24.8 1 1 1 1
2330 176 62 7.3 1 0 1 1
2143 177 27 4 0 0 1 0
2418 162 40 12 1 1 1 0
1685 165 45 9.3 1 1 1 0
3025 160 33 5.8 0 1 1 0
3078 178 45 3.6 1 0 1 1
1564 167 42 6 0 1 1 0
2724 178 57 29.4 1 0 1 1
3873 188 43 14.9 1 0 1 0
2020 167 52 11.5 0 1 1 1
2144 185 43 0.4 1 0 1 0
2551 185 37 18 1 0 1 0
982 173 50 1.8 1 1 1 0
2427 175 43 2.6 1 0 0 0
1511 160 42 0.9 1 1 1 1
1773 159 52 1.6 1 1 1 0
518 166 47 0.9 1 1 1 0
4425 184 38 5.5 1 0 1 1
2762 174 39 19 1 0 1 0
4666 171 52 15.4 1 0 1 1
1354 160 60 11.3 1 1 1 0
1932 186 43 3.2 1 0 1 0
1237 163 36 11.4 0 1 1 0
2290 167 39 0.3 1 0 1 0
2107 185 55 32.2 1 0 1 0
892 173 33 5.9 1 1 1 1
1528 171 42 23.2 1 1 1 0
1306 195 23 1.4 0 0 1 0
4014 168 48 0.3 1 0 1 1
2726 172 42 8.8 0 1 1 1
1987 174 38 4.9 1 0 1 0
4946 165 33 15.7 1 0 1 0
821 154 38 8.6 1 1 1 0
1923 157 60 27 0 1 1 0
835 170 42 16.1 0 1 1 0
2527 172 31 0.9 0 0 1 0
2076 178 31 2.3 1 0 1 0
1541 188 36 2.9 1 0 1 0
2553 177 33 12.3 1 0 0 0
2796 174 48 10.3 1 0 1 1
2521 180 61 4.3 1 0 1 1
488 174 23 1.1 0 0 1 1
1613 164 55 32.4 1 1 1 0
2695 186 52 9.3 1 0 1 0
2367 170 41 12.3 1 1 1 1
1344 190 49 11.1 0 0 1 0
2096 182 45 2.1 1 0 1 0
4079 178 41 12.8 1 0 1 1
1071 170 48 1 1 1 1 0
3421 180 47 2.2 0 0 1 1
467 162 50 18.8 1 1 1 0
1285 195 26 1.2 0 0 1 0
2422 164 24 5.4 0 1 1 0
1977 164 35 0.3 1 1 0 0
2980 172 63 23.7 1 0 1 0
1902 174 26 7 0 0 1 0
2278 175 42 13.3 1 0 1 0
2922 192 34 11 0 0 0 0
2805 194 39 9 0 0 1 0
1357 164 39 2.3 1 1 1 1
2076 169 51 8.7 0 1 1 0
1083 164 47 6.3 1 1 1 0
1526 170 40 2 0 1 1 1
3041 168 38 11.9 0 1 1 1
1289 173 24 4.3 0 0 1 0
1682 174 41 0.2 1 0 1 0
3446 192 39 11.9 1 0 1 1
3765 174 40 7.2 1 0 1 0
1592 169 23 1.3 0 1 1 0
2422 165 53 7.4 1 1 1 0
2307 173 52 25.9 1 0 1 0
3610 170 50 11.3 0 1 1 1
1362 168 25 1.8 1 1 1 0
2011 158 51 20.3 0 1 0 0
2238 180 41 7.9 0 0 1 0
2617 155 36 14.8 0 1 1 0
1258 168 48 1.8 0 0 1 0
1973 176 35 0 1 0 1 1
2900 170 54 16.8 1 0 0 0
1547 175 22 1.1 0 0 1 0
4488 181 34 5.6 1 0 1 1
2686 173 57 9.3 1 0 1 0
1946 179 36 16.4 0 0 1 0
2457 165 45 6.2 0 1 1 0
2725 166 38 1.9 1 0 0 0
3462 174 48 31 1 1 1 0
1376 178 32 0.2 1 0 1 0
1102 174 60 1.1 1 0 1 0
1551 155 37 2.8 1 1 1 0
4453 176 40 2.4 1 0 1 1
2071 162 41 22 1 1 1 0
2610 159 43 24.8 0 1 1 0
1389 176 51 5.3 1 0 1 0
2414 172 29 3.4 0 0 1 1
2306 162 27 6.5 0 1 0 0
3091 165 49 6.5 1 0 0 0
1723 168 56 31.3 1 1 0 0
3065 192 52 36.8 0 0 1 0
4836 178 41 18.4 1 0 1 0
2285 184 32 11.5 1 0 1 0
1539 155 29 6.4 0 1 1 0
3595 186 38 2.9 0 0 1 0
5129 180 54 26.5 1 0 1 1
2294 191 29 5.3 1 0 1 1
3251 165 42 22.2 0 1 1 0
3761 188 36 2.4 1 0 1 1
2598 165 42 3.2 1 0 1 0
2245 190 45 2.3 1 0 1 1
2174 175 46 1.8 1 1 1 0
2062 180 61 37.9 1 0 1 0
1929 165 41 13.5 1 1 1 1
1604 181 33 12.6 0 0 1 0
2049 176 23 0.3 0 0 1 0
2603 175 45 11.8 0 0 1 0
791 174 49 6.3 1 1 1 1
2340 185 36 1.2 1 0 1 0
3012 190 40 5.6 1 0 1 1
1785 178 42 9.2 0 0 1 0
1648 156 43 3.1 1 1 1 0
884 168 38 14 1 1 1 0
2676 173 43 20 0 1 1 0
1617 176 34 9.6 1 1 1 1
2162 168 56 2.3 1 1 1 0
908 168 31 12 1 1 1 0
1537 186 51 0.5 0 0 1 0
1208 168 29 0.5 0 0 1 0
1955 177 30 6.5 0 1 1 0
1462 163 46 19.8 1 1 0 0
1634 164 42 17.1 1 1 1 1
2101 167 35 14 1 0 1 0
1015 163 47 2.8 0 1 1 0
1248 155 51 3.4 1 1 0 0
1558 170 30 6.6 0 1 1 0
563 169 45 24.5 1 1 1 0
4599 165 46 28 1 0 1 0
3627 165 44 6.9 1 1 1 0
1377 178 45 7.3 1 0 1 0
3017 170 44 22.7 1 1 1 1
1825 170 33 10.3 1 0 1 0
1271 168 45 0.8 1 1 1 0
1078 172 56 1.5 0 0 1 0
1895 150 52 7.8 1 1 1 1
2231 187 22 0.8 0 0 1 1
2020 176 30 4.6 1 0 1 0
1640 182 53 1.3 1 0 1 1
2885 168 41 12.3 1 1 1 1
4159 183 38 0.1 1 0 1 1
2077 168 48 2.3 0 0 0 0
3240 175 50 25.2 1 0 1 0
4242 173 44 3.2 1 1 0 1
4473 175 41 12.5 1 0 1 1
1310 170 24 5 0 1 1 0
2418 190 43 13.5 0 0 1 0
6553 175 61 26.5 1 0 1 0
1978 181 36 0.8 0 0 1 0
2690 166 39 20 0 1 1 0
2391 173 38 17 1 0 1 0
2495 179 40 3 0 0 1 0
3890 170 34 1.6 0 1 1 0
1675 168 44 0.8 0 1 1 0
2998 180 41 7.9 1 0 1 0
1938 170 38 4.7 1 0 0 0
1143 173 22 2.8 0 1 1 0
2361 160 44 0.3 0 1 0 1
2683 158 60 33 1 1 1 0
5964 180 37 1.2 1 0 1 1
2209 180 40 8.7 1 0 1 0
2192 184 31 7.8 0 0 1 1
1823 171 31 11 0 1 1 0
4489 178 39 1.4 1 0 1 1
3118 174 26 1.9 0 0 1 0
3615 174 45 6.5 1 0 1 1
7018 172 58 39 1 0 1 0
1832 176 32 3.3 1 0 0 0
1818 168 35 4.7 1 1 1 1
1440 184 61 10.3 1 0 1 0
1478 168 45 7.8 1 1 1 0
2024 180 37 18 1 0 1 0
2960 178 53 32.1 1 0 0 1
3062 171 34 3.5 0 0 1 0
4204 178 40 1 1 0 1 1
1707 170 44 6.2 1 0 1 1
2866 170 47 27 0 1 1 0
9010 186 43 8.2 1 0 1 1
3501 183 33 0.8 0 0 1 1
3816 180 25 0.8 0 0 1 1
1612 171 43 2.3 1 1 1 0
1289 163 57 12 1 1 1 0
2035 165 27 8 0 1 1 0
2020 172 47 6.6 0 1 1 0
2738 176 42 23 1 0 1 0
1894 178 26 3.4 1 1 1 0
4467 173 62 22.3 1 0 1 1
1193 165 22 1 0 1 1 0
1503 185 47 5.5 1 0 1 0
3263 180 51 21.7 1 0 1 0
3467 168 45 10.5 0 1 1 1
2265 186 41 1.5 0 0 1 0
3223 160 57 22.1 1 1 1 0
2895 184 43 5.7 1 0 1 0
4026 182 51 15.6 1 0 1 1
887 172 29 10 0 1 1 0
1975 163 50 6.8 1 1 1 0
2315 174 49 10.2 1 1 1 0
742 162 33 0.6 1 1 1 1
1222 165 51 7.8 1 1 1 0
2413 176 58 3.8 1 0 1 1
1625 178 40 0.5 1 0 0 0
2753 170 58 22.2 0 1 1 0
1269 160 35 8.9 1 1 1 0
1976 176 55 1.1 1 0 0 0
1464 159 59 13.1 1 0 0 0
7096 178 53 0.9 1 0 1 1
2441 174 42 22.5 1 0 0 0
2115 158 24 4 0 1 1 0
4021 169 45 13.8 1 0 1 1
2693 162 47 28 0 1 1 0
3819 175 29 12.6 0 0 1 0
641 158 36 1 1 1 1 0
469 172 37 1.1 1 1 1 1
2047 167 35 10.1 0 1 1 0
1622 173 48 6.7 1 0 1 0
3148 180 39 12 1 0 1 0
1716 170 29 9 0 1 1 0
4599 180 41 5.7 1 0 1 1
2460 178 49 2.5 1 0 1 0
1978 179 31 4.1 0 0 1 0
2044 175 46 23.7 1 0 1 0
2841 175 46 0.5 1 0 1 0
1296 164 46 6.3 1 1 1 0
2818 194 27 0.7 0 0 1 1
4287 175 47 11.6 1 0 1 1
992 163 52 34 1 1 1 0
1732 173 50 2.8 1 0 1 1
2569 165 34 6.1 1 1 1 1
1826 165 25 2.9 1 1 1 0
2560 187 33 16.7 0 0 1 0
3339 180 42 21 0 0 1 0
2508 163 49 28.3 1 1 0 0
1064 186 42 4.7 1 0 1 0
973 160 48 0.6 0 1 1 0
2194 178 40 4 1 0 1 0
1031 160 52 7.5 1 1 1 0
2090 173 33 4.2 0 0 1 0
3128 168 37 16 1 0 1 0
841 168 58 0.4 1 1 1 0
2354 168 32 10 0 1 1 0
1514 170 57 0.3 1 0 1 1
2100 175 45 11.5 1 0 1 0
1943 161 51 6.2 1 1 1 1
1893 175 48 19.8 0 0 1 1
1793 172 33 5.5 1 0 1 0
621 170 25 0.3 1 1 0 1
1978 152 30 8.6 1 1 1 0
3785 180 41 17.2 1 0 1 0
1295 171 37 13.8 1 1 1 0
1083 157 44 7.7 1 1 1 0
1563 180 33 0.2 1 0 1 0
2253 172 55 7.8 1 1 1 0
2321 179 28 0.9 0 1 1 0
2909 186 33 11.3 1 0 1 0
2353 165 36 15 0 0 1 0
2017 180 51 3.4 0 0 1 1
2584 174 29 5.9 1 0 1 1
829 167 36 8.3 1 1 1 0
2894 180 39 7.6 0 0 1 0
5001 180 36 3.8 0 0 1 1
2968 184 28 0.8 0 0 0 1
3726 188 50 14 1 0 1 0
1268 178 23 4 0 1 1 0
2876 185 46 3.7 1 0 0 0
5085 181 41 4.8 0 0 1 1
2641 178 45 15.7 1 0 1 0
3053 178 58 12.1 1 0 1 0
1897 165 37 3.4 1 1 1 0
2730 180 37 1.9 0 0 1 0
2425 192 33 4.5 0 0 1 0
2527 182 38 3 1 0 1 0
2415 175 28 1.5 1 0 1 0
3570 183 46 17.1 1 0 1 1
3833 172 29 1.9 1 1 1 1
1620 175 64 14.9 1 0 1 0
1549 180 34 8.4 1 1 1 0
1117 165 39 1.8 1 1 1 1
2446 157 48 30.4 1 1 1 0
3171 172 49 24.8 0 0 1 0
1960 165 56 2.3 0 1 0 1
2976 159 35 5.6 0 1 1 1
1132 170 58 0.3 1 0 1 0
2455 186 36 0.1 1 0 1 0
1497 180 34 0.8 0 0 1 0
1676 176 33 2.4 1 1 1 1
1152 170 31 9.2 1 1 1 0
990 165 45 0.8 1 1 1 0
858 160 30 0.7 1 1 0 0
5155 189 49 18.3 1 0 1 1
1848 185 61 19.8 1 0 1 0
2347 194 42 23.8 1 0 1 0
2709 171 50 7.9 1 0 1 0
2365 187 36 4.6 1 0 1 1
3075 181 47 23.1 1 0 1 0
1389 170 40 10.2 1 0 1 0
2044 178 28 1.6 0 0 0 0
2411 175 46 3.8 1 0 1 0
4547 190 49 18.2 1 0 1 1
2773 160 50 15.6 1 0 1 0
3669 200 32 1.9 0 0 1 1
2015 176 48 9.6 0 1 1 1
980 163 37 0.9 1 1 0 1
6672 186 37 1.8 1 0 1 1
3146 171 47 10.4 1 1 1 1
1837 182 56 12 1 0 1 0
2096 173 23 1.5 0 1 1 1
3511 193 29 8 1 0 1 0
1435 173 50 0.6 0 0 1 0
1664 178 50 10 0 0 1 0
2974 178 43 14.3 1 1 1 1
1962 165 44 14.6 1 0 1 0
2417 162 56 21.9 1 1 0 0
2201 180 42 23 1 0 1 1
1975 165 27 3.8 0 1 1 0
2009 190 43 5.1 0 0 1 1
2622 170 30 10 1 1 1 1
1118 166 40 1.2 1 1 1 0
3483 175 56 6.3 1 0 1 1
2348 175 50 15.7 1 1 1 0
1427 165 30 1.3 1 0 1 0
3099 169 31 1.6 0 0 1 1
2365 177 36 0.3 1 1 1 1
1388 175 48 11.6 0 0 1 0
3191 165 32 10 0 1 1 1
2993 175 37 6.2 1 0 1 1
2150 155 44 21.4 1 1 1 0
2032 175 36 1 0 0 0 1
5046 182 59 5.3 1 0 1 0
1572 168 57 4.8 1 0 0 0
2521 173 32 6.1 1 0 1 0
874 184 42 0 0 0 1 0
1415 163 29 0.8 0 1 1 0
2757 159 40 12.6 0 1 1 0
2323 180 33 15 1 0 1 0
3010 178 53 1.8 1 0 1 0
4317 176 45 16.8 1 0 1 1
2253 173 42 0.3 0 0 1 0
1099 162 61 9.5 1 1 1 0
2129 178 37 10.8 1 0 1 0
629 160 40 4.4 1 1 1 0
1240 168 43 23.6 1 1 1 1
1788 188 42 0.7 1 0 0 0
1382 164 45 1.1 1 1 1 0
2670 176 29 1.9 0 1 1 1
2311 180 49 20.8 1 0 1 0
1979 157 55 36 1 1 1 0
5461 182 39 2.4 1 0 1 1
1026 164 56 39 1 1 1 0
1739 185 24 1.4 0 0 1 0
3792 186 42 0.6 1 0 1 0
2442 166 32 0.3 0 0 1 0
1538 170 40 15.4 1 1 1 1
2408 160 55 10.5 1 1 1 1
3213 170 46 10.1 1 1 1 1
1010 170 41 0.2 1 1 1 0
2147 178 47 23 0 0 1 1
1747 178 24 0.5 0 0 1 1
2542 184 61 11.1 1 0 1 0
2563 185 28 0.6 0 0 1 1
2549 170 42 22.4 0 0 1 0
1567 170 51 32 1 0 1 0
4681 187 47 24.3 1 0 1 1
709 163 63 0.9 0 1 1 0
2254 176 55 1.7 1 0 1 0
2221 180 58 28.4 1 0 1 0
1769 178 28 3.2 1 0 1 0
1660 164 53 7.9 1 1 1 0
1020 163 43 17.6 1 1 1 1
2379 160 45 10.1 1 1 1 1
506 164 45 13.8 1 1 1 1
2499 187 31 1.6 0 0 1 0
2979 180 40 11.6 0 0 1 0
2416 185 28 2 0 0 1 0
2917 186 31 4.9 1 0 0 0
2107 170 38 18.4 1 1 1 0
2913 170 53 29.5 0 0 1 0
1387 179 43 6.5 1 0 1 0
2787 177 50 26.5 0 0 1 0
1918 180 24 2.5 0 0 1 0
1779 184 34 5.6 1 0 1 0
1605 175 30 8.3 0 1 0 1
1416 160 23 0 0 1 1 1
3851 165 45 26 1 0 1 0
1522 170 58 5.2 1 0 1 0
1318 170 22 1.3 0 0 1 0
2096 186 37 3.6 0 0 1 0
1553 168 30 1.4 1 0 1 0
4612 186 40 7.2 1 0 1 1
5057 184 44 9.8 1 0 1 1
2732 170 53 26.3 0 0 1 0
2624 179 59 7.7 1 0 1 0
1190 164 49 10.3 1 1 1 0
2077 170 55 0.3 1 0 1 1
1229 165 40 5.7 1 1 1 0
1644 184 28 2.4 1 0 0 0
7274 183 47 20.6 1 0 1 1
2481 188 45 9.8 1 0 1 0
2133 170 60 37 1 0 1 0
1771 173 37 9.8 1 0 1 1
1457 153 58 13.8 1 1 1 0
1779 165 44 26 1 1 1 0
1007 167 30 6.8 1 1 1 0
1659 163 33 9.4 0 1 1 0
637 163 32 2.1 1 1 1 0
1777 182 63 42.9 1 0 1 0
1202 170 56 5.1 1 0 1 0
1774 173 39 0 1 0 1 0
1598 165 35 16.8 1 0 0 1
2964 168 34 7.8 1 1 1 0
3319 178 39 11.9 1 0 1 0
3472 158 44 21.7 1 1 1 1
1179 168 44 7.6 0 0 1 0
2699 169 55 22.5 1 0 0 0
2365 156 54 19.3 1 1 1 0
2068 168 40 7.3 0 1 1 0
2440 178 57 9.8 1 0 1 1
1316 160 54 20.7 1 1 0 0
3338 180 48 28 1 0 1 0
609 168 28 0.7 0 1 1 0
2941 163 53 32.1 1 1 1 1
2045 163 57 1.4 0 1 1 0
4497 168 52 28.3 1 0 1 1
1108 174 23 1.2 1 1 1 1
2413 178 28 1.3 0 0 1 1
2264 169 43 22.5 0 1 1 0
5967 182 47 17.8 1 0 1 1
4017 166 57 30.8 0 0 1 1
2271 165 48 28 1 0 1 1
1007 150 43 9.8 1 1 0 0
1813 164 53 1.1 1 1 0 0
1901 176 55 15.8 0 0 1 0
6017 177 50 14 0 0 1 1
2605 179 27 1.7 0 0 1 1
1261 178 35 0.3 1 1 1 0
1507 172 25 1.5 0 0 1 0
2803 170 53 35 0 0 1 0
2061 170 44 24.9 1 1 1 0
2533 158 53 10.8 1 1 1 0
1625 175 35 7.3 0 0 1 0
621 162 40 1.1 1 1 1 0
6939 178 58 25.8 1 0 1 1
2961 190 23 0.5 0 0 1 0
745 168 45 2 0 1 1 0
2323 170 32 3.8 1 0 1 0
1731 180 47 5.5 1 0 1 0
847 169 44 8.3 1 1 1 0
2542 180 30 5.8 1 0 1 0
1906 172 30 6.6 1 1 1 0
983 163 37 4.8 1 1 1 0
1111 169 37 6.9 1 1 1 0
803 170 54 4 0 1 1 0
1419 153 30 8 0 1 0 0
5819 183 49 19.9 1 0 1 1
2909 185 41 15 1 0 1 1
2309 165 39 18.8 0 1 1 0
2928 162 42 6.4 1 0 1 0
1769 189 50 11.2 1 0 1 0
1717 179 40 2.1 0 1 1 1
3680 179 37 0.5 0 0 1 1
2291 172 62 25.3 1 0 0 1
2422 179 48 24.9 1 0 1 0
7129 178 52 23 1 0 1 1
2868 161 49 28.8 1 1 1 0
561 172 40 9.3 1 1 1 1
2931 187 38 2.4 1 0 1 1
2707 187 30 1.8 0 0 1 0
3432 159 42 12.5 1 1 1 1
4965 182 38 8.5 1 0 1 1
912 168 40 0.8 1 1 1 1
2795 161 33 0.6 0 1 0 1
2640 175 45 0.6 1 0 1 1
2471 186 31 1.1 1 0 1 1
2469 185 22 3 0 0 1 0
3806 182 37 15.8 1 0 1 0
2666 172 58 9.8 1 0 1 0
3550 184 26 3.6 0 0 1 1
2544 158 57 16.3 1 1 1 0
1797 199 30 1 0 0 1 1
3493 170 60 10 1 0 1 1
3604 182 36 6.5 1 0 1 1
4707 184 34 5.7 1 0 1 1
577 166 44 10.9 1 1 1 0
3168 180 32 4 0 0 1 1
1017 178 38 10 1 1 1 0
634 180 45 1.3 0 1 1 0
2483 170 23 0.8 0 1 1 1
2808 165 32 0.8 1 0 1 0
1051 150 41 8.8 0 1 1 0
1466 164 38 11.3 1 1 1 0
4965 168 60 35.9 0 1 1 0
4584 164 44 7.3 1 1 1 1
2635 186 39 21 1 0 1 0
1980 176 25 4 0 1 1 0
2276 186 51 20.8 1 0 1 0
779 176 45 6.7 1 1 1 0
3323 171 41 8.1 1 0 0 0
2562 168 58 11 1 1 1 0
2279 158 59 17.1 0 1 1 0
2026 178 33 10 1 0 1 0
1267 160 41 6.8 1 1 1 0
2749 178 35 16 0 0 1 0
2254 172 24 0.8 0 1 0 0
4482 185 46 9.8 1 0 1 1
1655 166 24 3.5 0 1 0 0
889 165 37 18 1 1 1 0
2014 192 31 1.1 0 0 1 0
3986 182 41 11.7 1 0 1 1
1831 174 37 18 0 0 1 0
2855 164 49 4.4 1 0 1 0
1492 172 58 9.4 1 0 1 0
2188 160 47 3.8 1 1 1 1
3319 164 50 2.9 1 1 1 1
1838 168 48 8.4 1 1 1 1
809 155 40 21 1 1 1 0
1859 158 54 21 1 1 1 0
2247 156 57 13.9 0 0 0 0
1514 160 27 7.1 1 0 0 0
3974 176 28 1.8 0 0 1 1
2635 175 39 10.8 1 0 0 0
3125 180 28 0.3 0 1 1 1
2566 175 46 8 1 0 1 1
1924 184 22 3 0 0 1 0
1709 176 46 25.3 1 0 1 0
2009 178 54 31.3 1 0 1 0
1173 167 35 13.6 1 1 1 0
1325 160 33 1.5 1 1 1 0
1806 162 40 0.6 1 1 1 1
2094 167 43 11.5 1 1 1 0
2508 176 25 2.5 1 0 1 0
2437 172 48 10.3 0 0 1 1
2222 160 25 3.2 1 1 0 0
1459 169 35 2.3 1 1 1 0
1846 176 49 1.8 1 0 1 0
2270 168 45 11.3 0 1 1 0
3286 168 41 12.4 1 1 1 1
2931 165 61 36.5 1 0 1 1
1747 170 43 1.3 1 1 1 0
1124 174 39 1.3 0 0 1 0
2269 163 23 4 0 1 1 0
3382 176 43 2.6 1 0 1 0
1621 168 41 6.4 0 1 1 0
2374 186 34 15.4 0 0 1 0
2353 182 47 5.8 1 0 1 0
2528 175 27 2 0 0 0 0
2981 184 48 12.5 1 0 1 1
2191 193 38 11.8 1 0 1 0
1683 185 24 0.4 0 0 1 0
3418 180 39 0.8 1 0 1 0
1278 156 36 12.6 1 1 1 0
3760 180 40 7 1 0 1 0
1321 168 38 16 1 1 1 1
6130 178 40 3.8 1 0 1 0
1857 164 40 9.1 1 1 1 0
1599 168 46 4.4 1 1 1 1
741 164 58 11.3 1 1 1 0
1771 168 52 15.7 1 0 1 0
1379 165 46 6.3 1 1 1 0
2790 180 58 8.5 1 0 1 0
4203 193 40 9.3 1 0 1 1
1706 171 43 14.5 0 0 1 0
2463 179 49 18.8 1 0 1 1
2935 188 54 17.1 0 0 1 0
1267 185 21 0.2 0 0 1 0
2501 175 46 7 0 0 1 0
1980 165 37 18 1 1 1 0
2859 184 42 18.5 1 0 1 0
3204 187 47 21.4 1 0 1 0
1414 152 41 4.8 0 1 1 1
2206 178 44 12.2 0 1 1 1
1839 163 44 17.5 1 1 1 0
1607 181 35 16 1 0 1 0
2074 170 45 13.5 1 0 1 0
4309 181 47 3.3 1 0 1 1
1811 162 25 2.1 0 1 1 0
2511 178 40 8.8 1 0 1 1
962 168 23 0.3 0 1 1 1
2020 182 60 8.2 1 0 1 1
3171 170 44 10.3 1 0 1 0
1912 181 33 1 1 0 1 0
2635 178 30 3 0 1 1 1
1259 158 47 0.5 1 1 1 0
2078 168 39 11.8 0 1 1 0
2729 173 53 1.4 1 0 1 1
1126 175 27 7 1 0 1 0
2521 192 30 3.1 0 0 1 1
2962 185 28 1.4 0 0 1 1
1842 175 37 4 0 0 1 0
1741 193 22 1 0 0 0 0
1651 166 43 3.3 1 1 1 0
1903 166 41 8.3 0 1 1 0
5727 174 52 27.2 1 0 1 1
2894 175 45 26 1 0 1 0
619 169 39 16.4 1 1 1 0
1490 170 39 2.2 1 1 1 1
4019 170 51 14.4 1 0 1 0
1583 166 37 4 0 0 1 0
2460 186 42 5.6 1 0 1 0
1417 170 45 20.1 0 1 1 0
1378 163 59 1 1 0 0 0
2289 174 64 22.8 0 0 0 1
741 168 49 11.7 1 1 1 0
1749 172 25 4.7 0 0 1 0
3079 158 30 5.3 1 1 0 1
2482 183 34 15.9 1 0 1 0
1041 171 33 8.1 0 1 1 0
3986 183 27 5.2 0 0 1 1
3084 175 60 23.8 1 0 1 0
2027 180 36 13.4 1 0 1 0
817 172 39 8.4 1 1 1 0
2988 176 43 17.1 1 0 1 0
1000 172 36 2.5 1 1 1 0
1787 156 42 3.1 1 1 1 0
1743 167 61 32.8 1 1 1 0
2276 176 43 24 1 0 1 0
1468 175 59 1.3 1 0 1 1
2243 168 55 17.2 0 0 1 0
3615 182 42 12.5 1 0 1 1
2110 165 33 8.9 0 1 1 1
2922 186 40 9.8 1 0 1 0
2942 180 36 2.1 0 0 1 1
1522 158 33 2.3 0 1 1 0
2736 180 21 2 0 1 1 0
1186 161 43 8.4 1 1 1 1
1943 180 45 7.7 0 0 1 0
2793 174 35 11.3 1 0 1 0
4065 186 41 2.4 1 0 1 1
1320 158 37 0.3 1 1 0 0
1245 185 42 12 0 0 1 0
689 164 41 2.3 1 1 1 1
1952 173 44 5.5 0 1 1 0
2170 178 48 29.8 1 0 1 0
4109 172 58 15.6 1 0 1 1
2468 173 43 11.7 1 1 1 1
1256 167 44 23.5 1 1 1 1
3571 189 37 0.3 1 0 1 1
3939 164 59 26.7 1 0 1 0
2520 177 27 2.2 1 1 1 1
1133 168 46 10.8 1 1 1 0
2120 169 52 22.8 1 1 1 0
2890 165 60 28.3 1 0 0 0
5319 172 45 6.9 1 0 1 0
2552 178 38 8.8 1 0 1 1
518 168 48 15 1 1 1 0
2699 175 52 26.8 0 0 1 0
1805 163 45 3.4 1 1 1 1
1904 159 31 10.3 1 1 1 0
1307 165 48 3 1 1 1 0
3153 169 63 19.1 1 0 0 0
1724 158 38 10.7 0 1 1 0
2332 182 24 5 0 0 1 0
854 168 52 1.6 1 1 1 0
1132 176 47 17.8 1 0 1 0
2869 182 40 10.9 1 0 1 0
1254 168 30 10.6 1 1 1 0
1094 171 24 0.2 0 1 1 0
1741 176 57 4.2 1 0 1 0
4534 178 60 42 1 0 1 0
3436 168 52 17.6 1 1 1 1
2223 155 47 27.3 1 1 0 0
1662 164 49 10.6 1 1 1 0
1674 154 33 13.1 0 1 0 0
1922 158 52 31.4 0 1 1 1
6324 182 42 6.8 1 0 1 1
2477 165 45 24.8 1 1 0 0
2878 186 51 32 1 0 1 0
1341 160 46 4.3 1 1 1 0
5182 189 39 10.7 0 0 1 1
4003 182 37 3.7 1 0 1 0
3479 178 39 4.3 1 0 1 1
2520 184 28 0.7 0 0 1 1
2151 190 34 12 0 0 1 0
2864 180 28 5.6 1 0 1 1
1590 168 41 10.4 1 1 1 0
1020 176 22 1.3 0 1 1 0
2395 171 31 10.6 1 0 0 1
3286 189 38 8 0 0 0 1
2857 187 44 2.3 0 0 1 1
1847 165 51 11.6 1 1 1 0
1614 169 44 2.6 1 0 1 0
1777 167 53 2.8 1 1 1 0
3785 178 50 2.8 1 0 1 0
4567 185 44 18.2 1 0 1 1
2328 175 28 7 1 0 1 0
1535 183 21 2 0 0 1 0
3286 172 35 1.2 0 0 1 1
710 158 34 1.3 1 1 1 0
497 164 42 14.9 1 1 1 1
3251 175 22 3 0 0 1 0
7426 189 45 23 1 0 1 1
2652 170 51 32 1 1 1 0
1105 160 42 5.3 1 1 1 0
1472 164 56 22.9 1 1 0 0
1104 174 44 0.8 1 0 1 0
1958 193 38 17.6 1 0 1 0
748 170 44 9.8 1 1 1 0
1206 186 55 22.7 1 0 1 0
1043 168 36 16.2 0 0 1 0
3551 174 57 32.3 1 0 1 0
1842 168 41 1.6 1 0 1 0
2092 178 48 19.7 0 0 1 1
2342 167 54 7.8 1 0 1 0
975 165 43 2.8 1 1 1 1
1414 160 23 4 0 1 0 0
2283 171 61 3.8 1 0 1 1
1563 167 54 23 1 0 1 0
2011 180 36 5.8 1 0 1 0
3079 178 24 0.8 0 0 1 0
3879 175 46 3.3 0 0 1 1
2582 172 43 18.4 1 0 1 1
1533 165 46 22.1 1 1 1 0
741 171 42 3.6 1 1 1 1
1239 170 27 4.3 0 1 1 1
1388 190 24 2.4 0 0 1 0
2747 173 42 23 1 1 1 1
3314 184 54 6.2 1 0 1 0
2868 173 40 4 0 1 1 0
1430 178 45 5.3 1 0 1 0
1260 163 27 0.1 0 1 1 0
1215 170 37 14.5 1 1 1 1
1488 175 33 10.3 1 0 1 0
4962 182 46 13 0 0 1 1
3262 186 33 0.9 0 0 1 1
2711 172 41 19 0 1 1 1
2107 165 33 15.8 1 0 0 0
4016 172 47 22.8 1 0 1 0
1035 164 59 2.8 1 1 1 0
1804 156 52 6.1 1 1 1 1
4631 169 56 7.8 0 1 1 0
2403 174 47 16.6 1 1 1 0
617 167 33 0.2 0 1 1 0
2150 175 62 29.8 1 0 1 1
1934 173 41 10.1 1 0 1 0
1222 170 34 0.1 0 1 1 0
2980 167 49 1.9 1 1 1 0
3552 165 52 32.3 1 1 1 0
1683 169 62 30.9 1 0 1 0
4045 176 33 1.2 0 0 1 1
2750 181 30 5 0 0 1 1
7059 162 47 12.3 1 0 1 1
3607 182 38 1.5 1 0 1 1
2098 157 43 21 1 1 0 0
2783 182 30 8.4 1 0 1 0
2544 182 30 7.8 1 0 1 0
1377 165 37 10.8 1 1 1 0
1177 162 36 12.3 1 1 1 0
1790 175 46 12.2 1 1 1 0
3805 182 47 9 1 0 1 0
2542 170 51 18.4 1 0 0 0
2848 178 34 9.1 1 0 1 0
1186 170 45 0.3 0 0 1 0
2503 177 25 4.9 1 0 0 0
2483 163 53 5.2 1 1 1 0
2717 181 29 7.4 1 0 1 1
822 163 59 15.4 1 1 1 0
6524 175 34 3.3 0 1 1 1
3610 180 52 7.3 1 0 1 0
875 164 54 7 1 1 1 0
1129 180 47 11.4 1 0 1 0
3806 170 52 32.1 1 0 1 1
6624 176 39 0 1 0 1 0
2593 164 37 0.2 0 1 1 1
2411 180 51 33.4 1 0 1 0
1194 175 47 10.7 1 0 1 0
1516 163 45 4.8 1 1 1 1
1874 168 36 7.5 1 1 1 1
3495 185 38 15 0 0 1 1
1958 160 43 11 1 1 1 0
2556 176 38 20 1 0 0 0
2153 165 37 0.8 1 1 1 0
1496 180 37 10.8 1 0 1 0
1593 160 53 34.2 1 0 0 0
1985 180 51 27 1 0 1 0
1513 175 40 3.9 1 0 1 0
3231 190 52 15.7 1 0 1 0
2497 172 50 14.5 1 1 1 0
1547 169 58 33.3 1 1 1 1
1879 172 55 18.1 1 0 1 0
1307 158 32 0.7 1 1 1 1
2657 174 43 4.1 1 1 1 0
665 168 38 1.8 1 1 1 0
2940 165 30 0.3 0 1 1 0
6916 168 58 28.2 1 0 1 0
2485 172 43 19.3 1 0 1 0
2714 192 38 4 1 0 1 0
3304 190 28 1.2 1 0 1 1
2322 157 31 8.4 0 1 1 0
1555 159 35 16.5 1 1 0 0
938 168 51 0.2 1 1 1 1
3015 170 44 24 1 1 1 1
2467 168 36 16 0 1 1 1
3317 176 38 3.4 1 0 1 1
3335 172 54 14.9 1 0 1 0
1123 163 36 0.5 0 1 1 1
1850 160 49 2.3 0 1 1 0
1434 176 34 7.5 0 0 1 0
2816 164 57 21.8 0 1 0 1
1105 176 52 27.3 1 1 1 0
698 169 38 0.9 0 1 1 0
2600 168 47 23.3 1 0 0 0
2050 185 31 12.6 0 0 1 0
3212 166 43 13 0 1 1 0
1560 173 55 1.6 0 0 1 0
1723 158 50 14.3 1 1 0 0
1690 182 45 10.8 1 0 1 1
2983 168 41 0.4 1 1 1 0
3003 178 53 1.5 0 0 1 0
1058 190 21 3.1 0 0 1 0
1652 168 63 46 0 0 1 1
2634 196 36 0.4 1 0 1 0
1423 160 42 12 0 1 1 0
1833 168 44 2 1 0 1 1
2959 179 42 20.4 0 0 1 0
3452 182 44 10.9 1 0 1 1
1104 173 49 0.4 1 1 1 0
686 169 55 0.3 1 1 1 0
1925 170 25 2.5 0 1 1 1
2561 181 27 0.5 0 0 1 1
564 172 36 5.9 0 1 1 0
2457 187 39 17.3 1 0 1 0
2273 184 36 1.8 0 0 1 1
2574 159 36 0.4 0 1 1 0
1352 156 53 13.8 1 1 0 0
1222 176 53 0.1 0 0 1 1
5098 196 35 1.7 1 0 1 0
2393 180 39 6.5 0 0 1 0
1524 170 26 3 0 1 1 1
2075 174 25 1.8 0 1 0 1
2092 174 42 7.8 1 0 1 0
2162 164 23 3 0 1 1 0
3575 170 51 2.9 1 1 1 1
4537 175 32 1.3 1 0 1 1
1418 172 51 2.9 1 0 1 0
2227 178 42 7.6 1 0 1 0
2597 170 32 4.8 0 1 1 1
759 166 46 0.1 1 1 0 0
3521 200 30 2.6 0 0 1 1
3331 170 42 0.8 0 1 1 1
2480 170 36 0.1 1 0 1 0
1806 175 31 11 0 0 1 0
699 165 47 10 1 1 1 0
3747 176 42 20.3 0 0 1 0
1003 176 23 0.3 1 1 0 0
2508 182 33 0.6 0 0 1 1
1487 164 52 8.1 1 1 1 0
1799 165 46 24.2 0 1 1 0
3773 185 32 1.7 1 0 1 1
1523 175 25 3.4 0 0 1 0
1698 158 37 12.3 1 1 1 0
2032 181 34 3.8 0 0 1 1
3515 182 41 16 1 0 1 0
4962 185 50 17.9 1 0 1 1
2049 178 34 5.1 0 0 1 0
1814 170 23 0.8 0 0 1 0
2047 173 40 10.4 1 0 1 0
1977 176 31 0.5 0 1 1 0
1720 163 60 31.3 0 1 1 0
1405 160 29 1.1 1 1 1 0
2270 181 59 8 1 0 1 0
2951 178 42 20.8 0 0 1 0
1204 176 26 1 1 0 0 0
6041 186 40 13.7 1 0 1 1
1701 172 36 1.9 0 0 1 0
3304 170 54 25.8 1 1 1 0
1989 186 25 3.2 0 0 1 0
1599 167 33 9.5 0 1 1 0
2597 162 42 10.1 1 1 1 1
3155 176 49 22.4 1 0 1 0
1805 164 45 3 0 1 1 1
1867 169 28 4 0 1 1 0
2082 166 63 8.8 1 0 1 0
4256 185 47 11 1 0 1 1
3782 167 50 16.8 1 0 1 1
1536 167 36 10.8 0 1 1 0
3946 188 38 2.3 1 0 1 1
1143 178 34 6.6 1 1 1 0
756 167 53 1 1 0 1 1
1213 168 53 5.9 0 0 1 1
889 150 38 5.6 1 1 1 0
1752 178 30 4.7 0 0 1 0
502 182 26 1.5 0 0 1 1
1264 170 42 4.8 1 1 1 0
3821 181 39 12.5 1 0 1 1
5663 193 43 16.3 1 0 1 1
2080 189 45 11.3 1 0 1 0
2469 169 33 4.4 0 1 1 1
2024 170 56 16.3 1 0 1 0
2292 175 32 8.8 1 1 1 0
754 172 23 0.3 0 1 1 0
1357 170 59 20.8 0 1 1 0
2308 168 45 6.8 1 0 1 1
3491 178 30 1.8 0 0 1 0
2611 186 40 1.5 1 0 1 0
1441 175 22 4 0 0 1 0
2837 167 25 2.7 1 1 1 0
2140 175 37 14.3 1 1 1 0
1715 170 57 16.4 0 1 1 0
1272 176 37 5.4 1 1 1 0
1392 172 30 2.8 1 0 1 0
4282 172 43 1.3 1 1 1 0
4598 186 50 1.6 1 0 1 1
5965 172 44 8.4 1 0 1 1
2391 186 50 13.1 1 0 1 0
2481 180 45 20.3 1 0 1 0
3670 156 48 25.8 1 1 1 1
2368 171 36 8 1 0 1 0
2063 180 29 6 1 0 1 0
768 163 58 8.6 1 1 1 1
1317 179 36 1.3 0 0 1 0
3347 168 62 21.1 0 1 1 0
2194 165 45 25.3 1 1 1 1
3445 178 53 36 1 0 1 0
1800 164 45 27 1 0 1 0
1509 169 33 1.4 1 1 1 0
1728 168 58 38.5 1 1 1 1
4586 172 52 17.1 1 0 1 1
3235 175 54 0.2 1 0 1 1
2024 171 58 3.4 1 0 1 1
2077 173 49 10.3 1 0 1 0
5151 194 30 2.4 0 0 1 1
6474 181 31 1.8 0 0 1 1
2479 173 27 4.7 1 0 0 0
2710 168 27 1.5 0 1 1 1
2626 182 50 13.4 1 0 0 0
1554 171 46 6.7 1 1 0 0
1566 162 45 26.7 1 0 1 0
2177 179 52 29.4 1 0 1 0
1241 173 52 22.8 1 1 1 0
2339 178 33 1.3 0 0 1 0
2877 176 41 6.2 1 0 1 0
2982 172 48 26 0 0 1 0
1453 176 52 6.6 1 0 1 1
778 165 30 1.3 0 1 1 0
1208 168 22 3.7 0 1 1 0
2473 175 53 32 1 1 1 0
1216 165 22 0.8 0 1 1 1
1600 168 54 6.6 1 0 1 0
3727 181 45 5.8 1 0 1 0
371 166 52 0.1 1 1 1 0
2081 181 36 2.2 1 0 1 0
1764 174 39 11.8 1 1 1 1
2624 162 33 7.8 0 1 0 1
3214 168 41 0.2 0 0 1 1
603 156 49 6.3 0 1 1 0
1412 176 54 8.3 1 0 1 1
1331 170 34 0.3 1 1 0 0
1676 180 50 9.5 1 0 1 0
1261 173 60 0.5 1 0 1 0
3037 178 38 12.5 1 0 1 0
1503 162 30 1.8 0 1 1 0
3024 183 37 0 1 0 1 0
753 184 34 10.4 1 0 1 0
937 157 39 3.1 1 1 1 0
2801 170 53 28.3 1 1 1 0
2294 162 36 11.6 0 1 1 1
2073 176 21 3.8 0 1 0 0
3912 175 50 26.8 1 0 1 1
2618 172 43 0.9 0 1 1 1
3353 172 48 30 1 0 1 0
2922 172 53 29.5 1 0 1 0
2405 194 54 10.3 1 0 1 0
1439 176 54 8.3 1 1 1 0
1366 172 46 2.3 1 1 1 0
2194 162 51 2.3 1 0 0 0
4420 183 43 20.5 1 0 1 0
3012 160 51 17.3 1 1 1 1
2040 170 31 12.5 1 0 0 0
1838 170 61 4 1 0 1 0
1409 183 46 20.8 1 0 1 1
2444 180 48 0.8 1 0 1 1
459 162 52 3.8 1 1 1 0
2112 177 52 24.7 0 0 1 0
1040 176 31 7.7 1 1 1 0
3833 186 48 18.8 1 0 1 0
2373 170 41 4.3 1 1 1 0
3389 172 48 2.9 1 1 1 1
1040 173 38 9.3 1 1 1 0
2332 180 47 18.5 0 0 1 0
2563 187 38 13 0 0 1 0
1906 172 53 28.1 0 1 1 0
2780 186 28 1.8 0 0 1 0
3996 159 40 5 0 1 0 1
1817 174 36 3.6 1 0 1 0
6016 180 30 4.9 1 0 1 1
734 156 52 3.1 1 1 1 0
2657 163 30 1.4 0 1 1 1
3144 172 47 0.3 1 0 1 0
1888 163 25 4.3 0 1 0 0
703 168 41 19.3 1 1 1 0
609 160 33 3.7 1 1 1 0
1185 175 44 1.5 1 1 1 0
2160 176 29 11 1 0 1 0
1071 180 47 2.3 0 0 1 0
2432 165 58 39 1 0 1 0
5532 183 44 10.3 1 0 1 1
1820 180 50 32 1 0 1 0
1329 157 55 11.1 1 1 1 0
3861 170 43 24 1 0 1 0
2060 165 55 31.8 1 0 0 0
2900 185 28 0.1 0 0 1 1
2019 168 43 9.8 1 1 1 0
2254 185 30 0.4 1 0 1 0
1979 170 38 15.8 1 0 1 0
2249 173 21 0.8 0 0 0 1
2536 160 46 13.8 1 1 1 0
2501 168 51 14.6 1 0 1 0
2139 157 53 33.8 1 0 0 0
3615 172 52 34 1 0 1 0
5433 184 36 2.2 1 0 1 0
1915 185 30 8 0 0 1 0
737 167 35 1.9 1 1 1 1
1741 174 42 5.8 0 0 1 0
3965 178 45 11.6 1 1 1 1
2009 174 36 3.6 1 0 1 1
2917 172 59 5.7 0 0 1 1
2953 168 46 10.9 1 1 1 1
1152 190 30 0.9 1 0 1 1
1405 174 60 21.3 1 1 1 1
3047 178 35 2.2 1 0 0 1
2644 185 34 14 1 0 1 0
2028 174 34 14.9 1 0 0 0
624 162 21 0.9 0 1 1 0
2254 183 36 10 1 0 1 0
3068 190 36 13.5 0 0 1 1
1852 178 26 6.8 0 0 1 0
3974 176 24 3 0 0 1 1
2423 174 40 2.2 0 1 1 1
2449 190 32 14.7 1 0 1 0
3977 162 26 6.3 1 1 0 0
3182 177 49 31 1 0 1 0
3252 180 45 26.4 1 0 1 1
4244 186 35 5.2 1 0 1 1
4467 184 41 11.8 1 0 1 1
1059 178 45 12.6 1 1 1 0
4434 167 38 4.1 1 1 1 1
2765 166 42 11.6 0 1 1 0
782 185 28 0.7 0 0 1 1
2095 164 41 22 0 1 1 1
781 174 26 0 0 0 1 0
945 160 33 2 1 1 1 0
3260 160 56 1.1 0 0 0 0
1205 182 28 4 1 0 1 1
2749 178 61 23.8 1 0 1 0
431 174 36 13 1 1 1 1
3037 170 48 30 1 0 1 0
2591 178 36 3.4 1 0 1 0
3205 181 37 8 1 0 1 0
3225 190 31 12 0 0 1 0
3559 187 34 1.5 0 0 1 1
1917 180 33 3.3 0 1 1 0
2405 170 35 11.1 1 0 0 0
1392 184 34 0.3 1 0 1 0
3930 180 47 28.4 1 0 1 0
1178 165 29 2.5 1 1 0 1
5934 180 36 1.3 0 0 1 0
1785 172 47 2.2 1 1 1 1
5009 172 40 9.8 1 0 1 1
1228 160 57 10 1 1 1 0
4627 180 43 7.6 1 0 1 1
5446 172 44 15.1 1 0 1 1
2254 168 45 9.7 1 0 1 0
754 167 40 0.8 1 1 1 0
2692 172 37 18 1 0 0 0
3479 164 34 0.8 0 1 1 0
3463 170 37 4.3 0 0 1 1
2053 158 53 14.8 1 1 1 0
991 172 55 29 0 1 1 1
3197 153 49 27.6 1 1 1 1
2561 159 47 11.5 1 1 1 1
3062 172 58 1.5 1 0 1 1
1675 165 59 32.2 1 0 0 0
728 162 40 11.3 1 1 1 1
4500 186 52 11.8 0 0 1 1
1963 167 61 32.5 1 0 0 0
5127 178 47 22.7 1 0 1 1
900 168 40 4.8 1 1 1 0
3142 183 46 25 0 0 1 0
1470 169 39 1 0 1 1 1
4701 186 38 16.8 1 0 1 0
2556 187 47 17.9 1 0 1 0
2005 179 45 1.8 0 1 1 0
1649 162 50 9.5 1 1 1 0
2780 159 29 3.8 0 1 1 1
2472 168 36 5.5 0 1 0 1
2491 169 48 29 1 1 1 1
2923 170 39 10.2 0 1 1 0
1766 183 44 2.8 0 0 1 0
2350 165 27 5 0 1 1 0
2168 167 32 1 1 1 1 1
3093 179 46 4.3 1 0 1 0
2119 180 42 4.8 1 0 1 0
564 170 36 0.1 1 1 1 0
4518 180 43 23 1 0 1 0
1502 174 55 8.9 1 1 1 1
2612 169 33 3.6 1 0 1 1
3803 176 63 8.2 1 0 1 1
862 168 50 18.3 1 1 1 0
385 160 48 12.3 1 1 1 0
1560 169 43 2.6 1 1 1 0
3784 182 38 15 1 0 1 0
2323 170 39 0.9 1 0 1 0
3205 185 50 28 0 0 1 1
1546 168 60 12.2 1 0 1 0
2301 168 47 16.5 1 1 1 0
1944 182 41 1.4 1 0 1 0
2252 169 37 10.1 0 0 1 0
2031 160 52 9.9 1 0 1 0
2149 175 36 2.5 1 0 1 0
934 159 53 5.8 1 1 1 0
2948 175 38 17.8 1 0 0 0
1773 180 29 1.1 0 0 1 0
1237 156 48 22.5 1 1 1 0
2151 179 47 9.1 1 0 1 1
1591 165 52 9.3 1 1 1 0
1972 164 58 5.9 1 1 1 0
931 185 33 3.2 0 0 1 0
6420 184 54 29.5 1 0 1 1
3119 170 29 0.5 1 0 0 1
1127 172 44 10.1 1 1 1 0
4358 176 31 9.4 0 0 1 1
2206 180 54 36 1 0 1 0
3333 158 52 28.6 1 1 1 1
1979 179 31 3.5 0 1 1 1
2967 178 31 11.2 0 0 1 0
1231 155 40 22.7 1 1 1 0
3372 183 36 12.5 1 0 1 0
2011 168 40 10.8 1 1 1 0
909 172 39 20 1 1 1 0
6452 194 33 3.8 0 0 1 1
1121 158 44 9.3 1 1 1 0
1198 176 55 2.7 0 0 1 0
3622 173 52 2.3 1 0 1 0
1872 168 50 3.3 1 1 1 0
1480 175 54 4.7 0 0 1 0
2297 170 47 28.1 1 0 1 0
1646 190 29 2.1 1 0 1 1
6032 178 46 13.8 1 0 1 1
1868 170 56 13.4 0 1 1 0
1284 150 42 11.4 1 1 1 1
7546 193 39 3.5 1 0 1 1
874 165 40 2.8 1 1 1 0
2188 165 35 11.7 1 1 1 0
3737 192 29 3.6 1 0 1 1
1962 180 23 5 0 1 1 0
2381 158 60 19.3 1 1 1 0
1843 163 46 26.6 1 1 1 1
1411 190 24 2.3 0 0 1 0
2389 168 30 9.3 1 1 1 0
2334 170 31 9.6 1 0 1 0
1457 186 30 0 0 0 1 1
1124 180 43 9 1 0 1 0
1836 175 29 3.4 0 1 1 0
3451 190 53 4 1 0 1 1
3385 172 36 3.2 1 0 0 1
2918 168 39 6.8 1 1 1 0
1388 186 25 4 0 0 1 0
836 156 34 11 1 1 1 1
1129 153 24 5.8 0 1 1 0
1974 189 50 9 1 0 1 1
1949 175 26 2.9 1 0 1 1
2158 181 40 0 1 0 1 0
4337 182 55 21.2 1 0 1 1
2845 190 34 1.3 1 0 1 1
5027 180 55 6.8 0 0 1 0
1849 160 24 3 0 1 1 0
1963 178 62 28.3 1 0 1 1
1598 176 45 26.5 0 0 1 0
1602 180 47 3.6 1 0 1 0
2726 175 41 23 1 0 1 0
2772 176 40 19 1 1 1 1
1290 173 38 15.3 1 1 1 1
3637 176 33 8.7 1 0 1 0
1850 177 42 3.3 1 0 1 0
2079 178 23 1 0 0 1 0
3323 168 36 7.2 1 0 1 1
1894 178 55 0.2 1 0 1 0
3992 178 49 29.3 1 0 1 0
2063 169 65 1 1 0 1 0
3252 190 28 0.2 0 0 1 1
4670 170 42 3.1 1 1 1 1
2293 170 45 4.4 0 1 0 0
2288 169 30 8.5 1 1 1 1
4145 186 34 2.5 1 0 1 1
1015 161 58 11.7 0 1 1 0
1436 175 40 11.4 1 0 1 1
2121 166 29 1.3 0 1 1 0
3110 173 44 24.8 1 0 1 1
2036 163 31 9 0 1 1 0
1202 165 32 1.5 0 1 1 0
1466 185 52 2.8 1 0 1 0
3685 183 39 0.7 1 0 1 0
1944 170 22 1.9 0 0 1 0
2150 174 57 0.2 1 0 1 0
3315 171 41 11.9 1 0 1 0
1138 170 36 4.4 1 0 1 0
1458 167 27 2.8 0 1 1 0
3800 180 53 23.1 1 0 1 0
4008 189 46 29 1 0 1 0
1538 163 32 9.3 0 1 1 0
1849 178 54 0.5 0 0 1 0
2026 169 29 2 1 0 1 0
2430 167 51 2.8 1 0 0 1
1801 170 31 3.8 0 1 1 0
2000 155 36 19 0 1 1 0
1595 180 25 2 0 0 1 0
1829 156 34 2.9 1 1 1 0
6531 176 45 2.8 1 0 1 1
1491 173 42 4.1 1 1 1 1
2310 174 36 8.5 1 0 1 0
2366 180 29 8.5 0 0 1 0
1486 176 56 7.7 1 0 1 0
2153 182 61 17 1 0 1 0
713 162 35 2.8 1 1 1 0
2487 182 41 17.2 0 0 1 0
2526 164 38 6.3 0 1 1 0
1626 162 58 16.3 1 1 1 0
1802 176 61 9.6 0 0 1 0
1317 183 44 0.9 1 0 1 0
2149 175 33 11.8 1 1 1 0
2172 175 46 28.4 1 0 1 0
2008 170 37 0.4 0 1 1 1
2559 168 38 15.3 1 1 1 0
1784 182 27 0.5 0 0 1 1
2270 169 55 22.3 1 1 1 0
2281 165 29 2.3 0 0 1 0
2282 185 30 2.9 0 0 1 0
2504 165 59 37.3 1 0 1 0
4977 160 55 13.5 0 1 1 1
3291 165 61 18.8 0 1 1 1
3318 185 29 0.6 0 0 1 1
1997 172 31 13.4 1 0 1 0
1653 178 35 7.3 0 0 1 0
1325 178 29 2 0 1 1 1
6960 176 37 1.4 0 0 1 1
1098 163 37 5.4 1 1 1 1
5458 183 44 5 1 0 1 0
999 180 33 6.1 0 1 1 0
1798 179 55 3.7 1 0 1 0
1031 153 43 1.8 0 1 0 0
1557 160 27 6.8 1 1 0 0
3074 164 41 9.8 1 1 1 1
3586 180 63 9.6 1 0 0 1
683 173 24 1.2 0 1 1 0
2470 185 28 7 1 0 1 0
1974 174 32 4 0 0 1 0
1323 167 35 12.9 0 1 0 0
2694 178 59 10.1 1 0 1 1
2186 197 32 8.8 1 0 1 0
3003 182 32 9.6 1 0 0 0
1902 172 27 1.9 1 1 1 0
3067 192 32 12.2 1 0 1 0
2558 146 29 1.9 1 1 0 0
5501 161 33 3.3 1 1 1 1
1758 152 48 8.3 1 1 1 1
796 178 29 1.2 1 0 1 1
2376 171 43 6.8 1 0 1 1
2052 174 47 11.1 1 0 1 0
1893 167 35 11.3 1 1 1 0
916 156 46 26.8 1 1 1 0
3789 174 33 1.7 1 0 1 1
2041 178 33 11.8 1 0 1 0
1500 182 35 6.8 1 0 1 0
970 174 45 5.5 1 1 1 0
2199 178 61 6.3 1 0 1 1
782 173 31 4.6 0 0 1 1
2513 174 31 11 1 0 1 1
3670 174 42 24 1 1 1 0
2343 155 41 15.3 1 1 0 0
2243 167 58 9 0 1 1 1
3534 180 46 15.3 1 0 1 1
4563 172 56 22.8 1 0 0 0
5109 183 58 40.9 1 0 1 1
1657 170 42 0 0 1 1 0
1891 170 55 28.8 1 1 0 1
3075 176 45 24.2 0 0 1 0
2562 164 54 20.8 1 1 1 1
1813 178 38 13.6 0 0 1 0
2675 178 50 11.9 1 0 1 0
1061 163 47 9.9 1 1 1 1
714 165 41 1 1 1 1 0
1682 163 44 7.6 1 1 1 0
2202 180 39 8.5 1 0 0 1
1934 195 40 0 1 0 1 1
415 165 44 10.4 1 1 1 0
2258 166 42 0.9 1 0 1 1
1669 170 48 14.1 1 0 1 0
3101 186 54 24.8 1 0 1 0
2421 168 39 20 0 1 1 1
1391 168 40 19.9 1 1 1 0
1523 164 54 12.9 0 1 1 0
2425 160 37 7.1 1 0 0 0
2965 170 32 2 0 1 1 0
2290 180 27 2.6 0 0 1 0
2983 159 37 0.4 1 1 1 1
3661 190 34 6 0 0 1 1
391 168 40 0.5 1 1 1 0
2007 180 27 8 0 0 1 0
3048 191 43 9.5 1 0 1 1
2777 181 23 2 0 0 1 0
1210 192 26 1.1 0 0 1 0
540 172 46 9.7 1 1 1 0
1729 176 40 1.8 1 0 1 0
2175 185 45 11.6 1 0 1 0
1409 162 45 6 1 1 1 1
1878 161 43 24.8 1 1 1 0
1849 170 41 9.4 1 1 1 0
2156 185 21 1 0 0 1 0
2292 176 40 11.6 1 0 0 0
1937 168 32 12.6 0 1 0 0
2074 186 49 25.1 1 0 1 0
1059 183 58 4.8 1 0 1 0
1752 170 55 11.3 1 1 1 0
621 174 25 3.7 0 0 1 1
3496 190 39 7.6 1 0 1 0
1240 168 46 3.5 1 1 1 0
741 158 51 9.2 1 1 1 0
1933 169 39 3.4 1 1 1 0
2691 160 37 16.8 1 0 0 0
2336 168 23 4.6 0 1 1 0
2166 189 47 8.3 1 0 1 0
1396 169 35 2.8 1 1 1 1
1995 188 57 11.5 1 0 1 1
1374 180 29 0.5 0 0 1 0
2051 170 40 7.8 1 0 1 0
2519 174 34 7.3 0 1 1 0
975 176 47 11.9 1 1 1 0
1434 178 47 1.6 0 1 1 0
1881 176 36 3.7 0 0 1 0
1959 174 36 5.8 1 1 1 1
4487 173 36 10.8 1 0 1 1
2484 178 46 5.6 1 0 1 0
2319 176 46 3.3 0 1 1 0
4770 184 55 31.5 1 0 1 0
3314 181 33 12.9 1 0 1 0
2188 174 33 14 0 0 1 0
2436 176 51 11.8 1 0 1 0
1251 167 61 3.2 1 1 1 0
3686 174 31 9 1 1 1 1
2048 165 54 24.4 1 1 1 0
2929 174 63 35.2 1 0 1 0
3552 180 36 10.8 1 0 1 0
858 170 60 1.3 1 1 1 0
4217 190 55 30.8 1 0 1 0
1638 165 48 26.2 1 1 1 0
1225 164 56 10.5 1 1 1 1
2500 165 44 11.7 1 0 1 0
2439 184 31 5 1 0 1 0
746 168 61 7 1 1 1 0
2810 172 43 13.3 1 0 1 0
1876 173 37 19 1 0 1 0
1979 162 32 0.3 0 1 1 1
1537 175 21 1 0 0 1 0
3127 166 33 13.3 0 1 1 1
4455 170 33 3.8 0 1 1 1
1759 170 35 7.6 1 1 1 1
1848 193 37 0.9 0 0 1 1
2032 177 58 11.8 1 0 1 1
4643 174 49 8.2 1 0 1 1
3030 183 46 20.3 1 0 1 0
1910 163 52 15.3 1 0 0 0
4040 180 52 9.1 1 0 1 0
2576 153 55 29.7 0 1 0 0
1871 169 62 40.3 1 0 1 0
1514 173 34 2.7 1 0 1 0
2443 153 60 32.8 1 1 0 0
3184 164 44 5.9 1 1 1 0
1289 167 38 3.4 1 1 1 0
3499 176 42 1.8 0 0 1 1
1166 169 29 11.5 1 1 1 0
3992 183 32 6.6 1 0 0 1
1920 178 54 23.5 1 0 1 0
2553 172 40 16.6 1 0 1 0
560 155 35 11.4 0 1 1 0
2463 168 31 7.6 0 1 1 1
3700 173 40 19.6 1 1 1 1
1812 165 25 0.3 0 1 1 0
1992 165 37 14.4 1 0 1 0
2964 178 42 14.8 1 0 1 0
1454 185 29 2.3 0 0 1 0
1857 175 45 0.3 1 0 1 0
4089 178 47 10.9 1 0 1 1
2950 183 30 1.8 0 0 1 1
3690 180 46 18.9 1 0 1 1
1726 164 54 28.9 1 0 0 0
5623 171 47 4.6 0 0 1 1
3126 176 43 18.9 1 0 1 0
1843 181 26 5.5 0 0 1 1
3242 189 30 3.8 1 0 1 1
1772 150 37 3.8 1 1 1 1
1196 169 42 4.5 1 1 1 0
2812 174 43 24.3 1 0 1 0
2527 167 54 26.5 0 0 0 0
5004 179 54 6 1 0 1 0
3475 168 53 29 1 0 0 1
4892 175 41 0.8 1 0 1 0
3099 185 48 28.5 1 0 1 0
8482 183 47 15.6 1 0 1 1
1223 158 57 10.5 1 1 1 0
1829 158 54 35.3 1 1 1 1
1517 160 40 21 1 1 1 0
1826 168 42 6.1 1 1 1 0
1623 175 23 0.3 0 1 0 0
1586 175 60 7.7 1 0 1 0
2753 164 34 0.7 0 1 1 0
2682 168 29 2.8 0 1 1 1
1895 161 39 1.2 1 1 1 1
2450 171 41 17.8 1 0 1 0
1446 161 58 7.8 1 0 1 0
2910 175 39 17.8 1 0 1 0
2589 183 39 0.6 0 0 1 0
2531 185 56 38 1 0 1 0
2253 168 59 39 1 0 1 0
2221 172 36 2.8 1 0 0 0
923 172 55 0.8 1 0 1 0
3375 170 51 26.4 1 0 1 0
1248 168 57 2.3 1 1 1 1
4365 193 32 7.3 1 0 1 1
1403 179 37 18 0 0 1 0
2485 180 31 2 0 0 1 0
1530 185 28 3.7 0 0 1 0
2100 175 56 0.9 1 0 1 0
1833 178 24 1.2 0 1 1 1
1330 176 50 19.3 0 1 1 0
1980 172 63 26.1 1 0 0 0
2733 167 55 34.2 1 0 1 0
710 172 38 15.9 1 1 1 0
1369 180 38 11.8 1 0 1 0
2624 175 34 12.4 1 0 1 0
1112 165 37 0.8 0 1 1 0
4334 184 41 14.3 1 0 1 1
3212 183 59 3.8 0 0 1 0
1035 165 44 1.7 0 1 1 1
1563 160 30 7.1 1 1 1 0
780 165 30 2.8 1 1 1 0
6175 182 41 16.7 1 0 1 1
3632 180 54 15.5 1 0 1 0
4374 190 38 1.7 1 0 1 0
8041 174 46 10.8 1 0 1 1
2493 168 49 28.6 1 1 1 1
1022 179 40 12.4 1 1 1 0
2160 172 64 23.1 1 0 1 1
960 168 27 0.1 0 1 1 1
1907 154 39 0.1 0 1 1 0
3134 172 34 12.2 0 1 1 0
1737 175 51 34 1 0 1 0
2219 187 37 1.4 1 0 1 1
2447 173 29 9.4 0 0 1 0
1347 170 54 1.1 1 1 1 0
1936 183 41 10.8 1 0 1 0
3410 184 36 16.2 0 0 1 0
3278 173 37 12.7 1 0 1 1
3003 173 29 1.5 0 1 1 1
778 172 44 3.8 1 1 1 0
1318 150 44 4.3 1 1 1 0
1885 174 31 1.8 1 0 0 0
2660 172 38 2.7 0 1 1 1
2618 162 27 6.3 0 1 0 0
1848 175 40 2.8 0 1 1 1
1504 168 47 11.8 0 0 1 1
783 164 49 4 1 1 1 0
2982 189 34 4.9 1 0 1 1
5373 186 33 10.8 0 0 1 0
1479 176 46 4.2 1 0 1 0
2022 186 25 1 1 0 1 0
1855 177 34 8.5 1 0 1 0
2910 170 39 7.4 1 0 0 0
1489 154 49 10.4 0 1 1 1
3180 183 34 4.3 0 0 1 1
2056 168 48 30.5 1 1 1 0
2313 179 48 1.5 1 0 1 0
2379 172 35 3.4 1 1 1 1
3394 176 34 4.6 1 0 1 1
1896 165 38 19.4 1 1 1 0
2195 183 38 3 1 0 1 0
1229 168 50 1.8 1 1 1 0
4406 187 42 2.3 1 0 1 1
3196 170 32 5.5 0 0 0 1
3288 170 57 32 0 0 1 1
2051 167 43 22.3 1 1 1 0
780 160 64 1.3 0 1 1 0
3838 182 34 0.3 0 0 1 1
6684 160 48 13.4 1 1 1 1
1766 188 25 1.8 0 0 1 0
3875 180 48 21.2 1 0 1 1
1192 170 41 14.5 1 0 1 0
1910 163 37 6.8 0 1 1 0
1239 172 34 4.3 1 0 1 0
6863 175 61 28.6 1 0 1 1
2139 180 46 23.3 1 0 1 0
6034 187 40 10.3 0 0 1 1
2062 180 41 0.5 1 0 1 0
2612 178 32 1.9 0 0 1 0
4615 188 53 0.6 1 0 1 1
2387 197 33 12 1 0 1 0
2414 176 54 5.5 1 0 0 0
2671 172 47 0.3 0 1 1 0
1288 160 52 0.3 0 1 1 0
3375 172 25 3 0 0 1 0
3338 180 48 12.4 1 0 1 1
1649 178 36 14.4 1 0 1 0
4533 170 59 18.3 0 1 1 1
1524 180 56 7.8 1 1 1 0
632 168 54 4 0 0 1 1
2266 175 54 11.5 1 0 1 0
2081 174 46 2.5 1 0 1 1
570 170 50 28.7 1 1 1 0
2279 180 41 8.5 1 0 1 0
3453 185 32 4.5 1 0 1 1
2601 165 33 3.8 0 1 1 1
2103 176 44 3.4 0 0 1 0
1574 180 37 0.3 1 0 1 0
1639 178 35 0.8 1 0 1 0
4925 179 58 29 0 0 0 1
1730 178 59 25.8 1 0 1 0
1009 163 47 2 1 1 1 0
6342 177 63 17.1 0 0 1 1
2224 158 49 7.3 1 1 1 1
1830 163 36 0.8 0 1 1 1
2311 180 56 31.6 1 0 1 0
3452 160 29 4 0 1 1 1
4740 186 42 23 1 0 1 0
4502 175 43 26.6 0 0 1 0
4083 180 57 15.4 0 0 1 1
2280 174 56 19.7 1 0 1 1
2203 168 49 14.3 1 0 0 0
1060 170 46 5.1 1 1 1 0
1065 164 27 0.4 0 1 1 0
2309 187 30 7.8 0 0 0 0
1252 163 42 3 1 1 1 0
2049 183 55 5.8 1 0 1 0
1547 169 37 12.5 0 1 1 0
2621 182 57 19.3 1 0 1 1
2584 168 36 7.4 1 1 1 0
2350 170 44 11.4 1 0 1 0
1202 170 35 15.2 1 1 1 0
1156 171 25 4 0 1 1 1
3092 174 51 14.3 1 1 1 1
2118 180 32 9.7 0 0 1 0
1654 169 24 0.4 0 1 1 1
945 164 60 1.3 0 1 1 0
1566 178 37 3 1 0 1 0
5273 185 48 16.2 1 0 1 0
1362 161 38 4.4 0 1 1 0
2582 174 42 6.1 1 0 1 0
1905 151 58 10.3 0 1 1 0
1475 174 46 7.1 1 1 1 0
1332 174 29 3.5 0 1 1 0
1682 158 46 1.3 1 1 1 0
1905 166 36 14.4 1 1 1 1
2177 180 37 2.3 1 0 1 0
4493 180 48 24 1 0 1 1
992 160 45 2.3 1 1 1 0
1274 164 22 1.8 0 1 1 0
2100 170 32 12 0 1 1 0
4777 182 42 8.8 1 0 1 1
1396 175 26 1.5 1 0 0 0
2427 167 31 9.8 0 0 1 0
1497 180 47 5.4 1 0 1 0
2083 165 38 2.8 1 0 1 0
3048 189 33 14 1 0 1 1
4050 186 48 29.8 1 0 1 1
2053 172 38 9.4 1 1 1 0
1808 155 53 29.5 1 1 1 1
1783 178 32 8.3 1 0 1 0
1630 165 41 6.7 1 0 1 0
1517 164 40 10.6 0 1 1 0
1416 170 46 16.8 1 1 1 0
1407 170 24 2 0 1 1 0
1376 162 29 4.8 0 1 1 0
3250 174 51 8.3 1 1 1 1
2260 173 44 18.1 0 1 1 0
2117 172 26 3.3 1 0 1 0
4996 189 49 17.6 1 0 1 0
2331 185 42 1.4 1 0 1 0
1002 167 58 5 0 1 1 0
3109 180 42 12.8 1 0 1 0
1159 168 46 2.3 1 1 0 1
3286 180 39 1.5 1 0 1 0
1022 163 23 1.1 0 0 0 0
2761 168 59 22.3 0 1 1 1
1277 156 32 2.1 1 1 1 0
2174 172 46 29 1 0 1 0
9965 188 36 0.5 1 0 1 1
1020 176 44 9.5 1 1 1 0
1915 172 49 17.2 1 0 1 0
2154 165 33 10.5 0 1 1 1
696 165 39 10.8 1 1 1 0
3603 176 35 9 1 0 1 0
6411 180 49 24.8 1 0 1 0
1265 164 46 20.8 1 1 1 0
1005 160 60 0.3 1 1 1 0
2105 175 36 18.5 1 0 1 0
3761 172 30 10 1 0 0 0
2578 180 35 11.8 1 0 1 0
2350 184 43 23.6 1 0 1 0
1399 170 29 8.5 1 1 1 0
626 164 48 30 0 1 1 0
1661 165 37 5.2 0 1 1 0
2645 175 42 14.4 0 1 1 1
5641 184 38 9.6 1 0 1 1
651 171 57 22.3 1 1 0 1
2121 180 35 2.2 0 0 1 0
1783 178 47 2.7 1 0 1 0
1595 154 48 2.2 0 1 1 1
1241 165 47 18.5 1 1 1 0
1733 180 37 10.2 1 0 1 0
3348 165 56 40 1 1 1 0
2109 176 30 5.8 0 0 1 0
1121 168 40 9.1 1 1 1 1
4790 178 40 20 0 1 1 0
933 170 49 0.8 1 1 1 0
2988 168 55 24.1 1 1 1 1
9425 176 35 1.1 1 0 1 0
1899 166 51 14.3 0 1 1 0
3967 178 45 0.5 1 0 1 0
3131 182 39 0.7 0 0 1 0
2972 172 39 11.4 1 0 1 1
3537 180 47 14.9 1 0 1 1
1677 176 44 5.5 1 0 1 0
2052 168 30 5.6 0 0 0 0
2488 162 32 1.8 1 1 1 1
856 169 41 1.2 1 1 1 0
2280 170 33 9.2 1 0 1 0
7978 193 46 20.3 1 0 1 1
2218 178 43 5.3 1 0 1 0
1632 170 38 0.7 1 1 1 0
2795 170 32 1.3 0 0 1 0
1045 164 39 0.3 0 1 1 0
2283 173 42 8.3 1 0 1 0
952 165 48 1.6 1 1 1 0
2796 161 23 0.7 0 1 1 0
3877 168 34 3.7 1 1 1 0
3232 163 31 12 1 1 1 0
2080 163 43 6.8 1 0 0 0
3963 175 47 15.3 1 1 1 1
1423 182 32 3.3 0 0 1 0
2515 173 54 9.6 1 0 1 0
3189 170 48 28.9 1 0 1 0
726 175 29 0.7 0 1 1 0
1663 178 35 3.1 0 1 1 1
7385 176 58 11.4 1 0 1 1
2135 185 36 5.9 0 0 1 1
1429 165 40 3.2 1 1 1 0
1474 176 34 0.1 1 0 1 0
1697 160 44 9.3 1 1 1 1